s150  (1486,4274)  (1440,4319)  (1440,4273)  (1531,4320)  (1532,4270)  (1394,4354)  (1394,4308)  (1577,4316)  (1578,4269)  (1623,4315)  (1624,4267)
s152  (1835,4174)  (1789,4214)  (1789,4168)  (1880,4220)  (1835,4128)  (1881,4128)  (1881,4174)  (1782,4122)  (1834,4260)  (1926,4220)  (1926,4266)  (1880,4266)  (1828,4082)  (1874,4082)  (1927,4168)  (1972,4248)  (1972,4294)  (1831,4036)
s151  (1751,4318)  (1705,4354)  (1705,4308)  (1797,4318)  (1843,4332)  (1889,4347)
Petelia  (3956,2281)  (3930,2235)
s154  (2112,4302)  (2066,4307)  (2066,4261)  (2157,4348)  (2112,4256)  (2158,4281)  (2111,4353)  (2203,4327)
s153  (2132,4129)  (2086,4174)  (2086,4128)  (2177,4175)  (2178,4086)  (2040,4204)  (2040,4158)  (2223,4132)  (2223,4178)  (2224,4072)  (1994,4159)  (2270,4068)  (2270,4114)
s156  (2358,4329)  (2312,4354)  (2379,4283)  (2404,4329)  (2425,4266)  (2450,4329)
Callipolis  (4451,1869)  (4405,1897)  (4405,1851)  (4492,1915)  (4451,1823)  (4497,1813)
s155  (2423,4154)  (2377,4199)  (2377,4153)  (2423,4108)  (2469,4108)  (2469,4154)  (2375,4107)  (2331,4237)  (2331,4191)  (2515,4158)  (2329,4145)  (2285,4257)  (2285,4211)
s055  (3165,1975)  (3119,2020)  (3119,1974)  (3210,2021)  (3165,1929)  (3211,1929)  (3211,1975)  (3117,1928)  (3073,1994)  (3245,2067)  (3163,1883)  (3071,1948)  (3112,1882)  (3025,1966)
s054  (2984,2106)  (2938,2151)  (2938,2105)  (3029,2152)  (2984,2060)  (3030,2060)  (3030,2106)  (2936,2059)  (2979,2197)  (2933,2197)  (3075,2152)  (3076,2068)  (2935,2013)  (3121,2114)
s057  (954,2086)  (908,2131)  (908,2085)  (999,2132)  (954,2040)  (1000,2040)  (1000,2086)  (906,2039)  (862,2108)  (1045,2132)  (1045,2178)  (999,2178)  (952,1994)  (998,1994)  (1046,2014)  (1046,2060)  (860,2062)  (860,2016)  (906,1993)  (1091,2106)  (1091,2152)  (1073,2224)  (1092,2036)  (866,1947)
s056  (3376,2044)  (3330,2089)  (3330,2043)  (3421,2090)  (3376,1998)  (3422,1998)  (3422,2044)  (3328,1997)  (3447,2136)  (3374,1952)
s051  (1561,2065)  (1515,2110)  (1515,2064)  (1606,2111)  (1561,2019)  (1607,2019)  (1607,2065)  (1513,2018)  (1560,2156)  (1469,2122)  (1469,2076)  (1652,2111)  (1645,2157)  (1559,1973)  (1653,2006)  (1653,2052)  (1502,1972)  (1699,2026)
Scylletium  (3705,2581)  (3676,2535)  (3722,2535)  (3751,2581)
s050  (2779,1635)  (2733,1680)  (2733,1634)  (2824,1681)  (2810,1589)  (2825,1635)  (2731,1588)  (2856,1569)  (2870,1681)  (2871,1615)  (2685,1621)  (2685,1575)  (2731,1542)  (2672,1529)  (2916,1661)  (2777,1497)  (2917,1577)  (2718,1496)  (2962,1623)  (3008,1637)
s053  (2908,1845)  (2862,1890)  (2862,1844)  (2953,1891)  (2908,1799)  (2954,1799)  (2954,1845)  (2860,1798)  (2907,1936)  (2816,1849)  (2906,1753)  (2952,1753)  (2998,1753)  (3000,1808)  (3000,1854)  (2814,1803)  (2854,1752)  (3007,1707)
s052  (2758,2041)  (2712,2086)  (2712,2040)  (2803,2087)  (2758,1995)  (2804,1995)  (2804,2041)  (2710,1994)  (2757,2132)  (2711,2132)  (2666,2086)  (2666,2040)  (2849,2087)  (2849,2133)  (2803,2133)  (2665,2132)  (2756,1949)  (2802,1949)  (2850,2028)  (2757,2178)  (2711,2178)  (2862,2179)  (2816,2179)  (2770,2224)  (2724,2224)  (2720,2270)
s047  (2164,1807)  (2209,1853)  (2163,1853)  (2119,1761)  (2165,1761)  (2210,1807)  (2211,1760)  (2187,1899)  (2098,1715)  (2144,1715)  (2256,1806)  (2190,1714)  (2236,1714)  (2257,1760)  (2124,1669)  (2170,1668)  (2216,1668)
Tyndaris  (3169,2947)  (3123,2981)  (3215,2916)
s048  (2410,1773)  (2364,1818)  (2364,1772)  (2455,1819)  (2410,1727)  (2456,1727)  (2456,1773)  (2362,1726)  (2397,1864)  (2501,1819)  (2408,1681)  (2454,1681)  (2502,1756)  (2316,1744)  (2316,1698)  (2362,1680)  (2288,1652)  (2408,1635)  (2454,1635)  (2334,1634)
s049  (2608,1763)  (2562,1755)  (2653,1809)  (2607,1809)  (2608,1717)  (2654,1717)  (2654,1763)  (2553,1709)  (2699,1809)  (2699,1855)  (2653,1855)  (2607,1855)  (2599,1671)  (2534,1663)  (2745,1855)  (2687,1901)  (2641,1901)  (2600,1625)  (2626,1947)
s146  (2785,3919)  (2830,3965)  (2784,3965)  (2782,3873)  (2828,3873)  (2831,3919)  (2874,3830)  (2835,4011)  (2789,4011)  (2791,3827)  (2877,3876)  (2837,3784)  (2815,4057)  (2769,4057)
s147  (2960,3977)  (2914,4022)  (3005,4023)  (2935,3931)  (2981,3931)  (3006,3977)  (2959,4068)  (2913,4068)  (3052,3947)  (3052,3993)  (2867,4091)  (2930,4114)
Issa  (3425,295)
Aphricon  (3560,2950)
Tauromenion  (3216,3007)  (3220,3053)  (3262,2986)
s148  (3204,4029)  (3158,4074)  (3158,4028)  (3249,4075)  (3204,3983)  (3250,3983)  (3250,4029)  (3203,4120)  (3157,4120)  (3112,4074)  (3295,4075)  (3287,4121)  (3111,4121)  (3296,4005)  (3162,4166)  (3341,4073)
Meliguni  (3055,2763)
Termola  (2889,782)  (2920,828)  (2848,736)  (2894,736)  (2935,782)  (2855,690)  (2981,807)
s149  (3501,3932)  (3455,3977)  (3455,3931)  (3546,3978)  (3501,3886)  (3547,3886)  (3547,3932)  (3453,3885)  (3500,4023)  (3454,4023)  (3409,3977)  (3409,3931)  (3592,3978)  (3592,4024)  (3546,4024)  (3408,4024)  (3499,3840)  (3593,3885)  (3593,3931)  (3407,3885)  (3407,3839)  (3453,3839)  (3500,4069)  (3454,4069)  (3363,3978)  (3363,3932)  (3638,3977)  (3638,4023)  (3583,4070)  (3639,3912)  (3361,3886)  (3455,4115)  (3684,3958)  (3684,4004)
Calacte  (2860,3030)  (2901,3076)
s141  (1535,4062)  (1489,4107)  (1489,4061)  (1580,4108)  (1535,4016)  (1581,4016)  (1581,4062)  (1487,4015)  (1534,4153)  (1488,4153)  (1626,4108)  (1626,4154)  (1580,4154)  (1552,3970)  (1598,3970)  (1627,4016)  (1627,4062)  (1534,4199)  (1488,4199)  (1672,4108)  (1672,4154)  (1672,4200)  (1626,4200)  (1580,4200)  (1718,4206)
Temese  (3716,2474)  (3670,2477)  (3762,2471)  (3808,2478)
s140  (3592,3731)  (3546,3776)  (3546,3730)  (3637,3777)  (3592,3685)  (3638,3685)  (3638,3731)  (3544,3684)  (3500,3757)  (3683,3777)  (3683,3823)  (3637,3823)  (3590,3639)  (3684,3677)  (3684,3723)  (3521,3638)  (3729,3769)  (3693,3869)  (3730,3704)  (3532,3592)  (3776,3732)
Terina  (3658,2420)  (3612,2417)  (3704,2406)  (3750,2411)
s145  (2566,3958)  (2611,4004)  (2565,4004)  (2523,3912)  (2569,3912)  (2612,3958)  (2615,3909)  (2657,4004)  (2657,4050)  (2611,4050)  (2565,4050)  (2520,3866)  (2566,3866)  (2658,3955)  (2612,3863)  (2658,3863)  (2661,3909)  (2688,4096)  (2642,4096)  (2596,4096)  (2704,3829)  (2704,3955)  (2707,3875)  (2688,4142)  (2642,4142)  (2596,4142)
s144  (2354,3930)  (2308,3975)  (2308,3929)  (2399,3976)  (2354,3884)  (2400,3884)  (2400,3930)  (2306,3883)  (2262,4020)  (2262,3974)  (2445,3976)  (2446,3847)  (2446,3893)  (2260,3928)  (2260,3882)
s143  (1962,3942)  (1916,3987)  (1916,3941)  (2007,3988)  (1962,3896)  (2008,3896)  (2008,3942)  (1961,4033)  (2053,3988)  (2053,4034)  (2007,4034)  (2054,3868)  (2054,3914)  (1961,4079)  (2099,3960)  (2099,4006)  (2100,3865)  (2100,3911)  (2145,3957)  (2145,4003)  (2146,3863)  (2146,3909)  (2191,3955)  (2192,3860)  (2192,3906)
s142  (1736,3947)  (1690,3992)  (1690,3946)  (1781,3993)  (1736,3901)  (1782,3901)  (1782,3947)  (1735,4038)  (1778,3855)  (1824,3855)  (1828,3901)  (1870,3814)
s046  (1939,1805)  (1893,1850)  (1893,1804)  (1984,1851)  (1939,1759)  (1985,1759)  (1985,1805)  (1891,1758)  (1847,1853)  (1847,1807)  (2030,1851)  (1937,1713)  (1983,1713)  (2029,1713)  (2031,1759)  (2031,1805)  (1845,1761)  (1801,1850)  (2076,1851)  (1799,1804)
Bastante River  (4665,51)  (4710,97)  (4664,97)  (4638,5)  (4684,5)  (4711,51)  (4730,0)  (4756,97)  (4757,46)
s045  (1634,1854)  (1588,1899)  (1588,1853)  (1679,1900)  (1634,1808)  (1680,1808)  (1680,1854)  (1586,1807)  (1701,1946)  (1632,1762)  (1678,1762)  (1724,1762)  (1726,1808)  (1726,1854)  (1582,1761)
s044  (1257,1966)  (1211,2011)  (1211,1965)  (1302,2012)  (1257,1920)  (1303,1920)  (1303,1966)  (1209,1919)  (1165,2003)  (1348,2012)  (1348,2058)  (1255,1874)  (1301,1874)  (1347,1874)  (1349,1920)  (1349,1966)  (1163,1957)  (1163,1911)  (1209,1873)  (1163,1865)  (1393,1831)  (1394,2012)  (1395,1877)  (1395,1923)  (1439,1827)  (1441,1873)  (1441,1919)  (1485,1823)
s043  (2128,1540)  (2082,1585)  (2082,1539)  (2173,1586)  (2128,1494)  (2174,1494)  (2174,1540)  (2080,1493)  (2039,1631)  (2036,1585)  (2036,1539)  (2219,1586)  (2220,1481)  (2220,1527)  (2034,1493)  (1993,1640)  (1990,1594)  (1990,1548)  (2265,1573)  (2266,1484)  (1988,1502)  (1944,1549)  (2311,1530)  (1942,1503)  (2357,1491)  (2357,1537)  (2403,1499)  (2403,1545)
s042  (1696,1611)  (1650,1656)  (1650,1610)  (1741,1657)  (1696,1565)  (1742,1565)  (1742,1611)  (1648,1564)  (1604,1700)  (1604,1654)  (1787,1657)  (1694,1519)  (1740,1519)  (1786,1519)  (1788,1565)  (1788,1611)  (1602,1608)  (1602,1562)  (1832,1476)  (1558,1671)  (1833,1657)  (1834,1522)  (1834,1568)  (1556,1625)  (1556,1579)  (1879,1614)  (1879,1660)  (1880,1530)
s041  (1260,1666)  (1214,1711)  (1214,1665)  (1305,1712)  (1260,1620)  (1306,1620)  (1306,1666)  (1212,1619)  (1259,1757)  (1213,1757)  (1168,1711)  (1168,1665)  (1351,1712)  (1351,1758)  (1305,1758)  (1167,1758)  (1352,1608)  (1352,1654)  (1166,1619)  (1397,1700)  (1397,1746)  (1121,1781)  (1398,1608)  (1398,1654)  (1443,1700)  (1443,1746)  (1444,1594)  (1444,1640)  (1489,1686)  (1489,1732)  (1490,1632)
s040  (996,1844)  (950,1889)  (950,1843)  (1041,1890)  (996,1798)  (1042,1810)  (948,1797)  (904,1874)  (1087,1856)  (1087,1902)  (1041,1936)  (902,1828)  (902,1782)  (1099,1948)  (887,1736)
Laos  (3549,2111)  (3503,2091)  (3595,2122)  (3610,2168)
s038  (106,1816)  (60,1861)  (60,1815)  (151,1862)  (106,1770)  (152,1770)  (152,1816)  (58,1769)  (105,1907)  (59,1907)  (14,1861)  (14,1815)  (197,1862)  (197,1908)  (151,1908)  (13,1908)  (104,1724)  (150,1724)  (12,1769)  (18,1723)  (105,1953)  (59,1953)  (211,1954)  (165,1954)  (13,1954)  (175,1678)  (119,1999)  (73,1999)  (215,2000)  (169,2000)  (27,2000)  (123,2045)  (77,2045)  (220,2046)  (174,2046)  (31,2046)  (128,2091)  (186,2092)
s039  (257,1749)  (301,1795)  (255,1795)  (237,1703)  (283,1703)  (311,1841)  (265,1841)  (233,1657)  (279,1657)  (358,1851)  (312,1887)  (266,1887)  (266,1611)  (369,1897)  (323,1933)  (277,1933)  (313,1979)  (267,1979)  (278,2025)
Barium  (3815,1324)  (3769,1369)  (3769,1323)  (3827,1370)  (3815,1278)  (3861,1278)  (3861,1324)  (3767,1277)  (3723,1334)  (3907,1287)  (3790,1231)
s036  (2183,1335)  (2137,1380)  (2137,1334)  (2228,1381)  (2183,1289)  (2229,1289)  (2229,1335)  (2135,1288)  (2182,1426)  (2091,1422)  (2091,1376)  (2274,1381)  (2274,1427)  (2228,1427)  (2181,1243)  (2227,1243)  (2275,1255)  (2275,1301)  (2089,1330)  (2089,1284)  (2135,1242)  (2085,1238)  (2045,1419)  (2320,1347)  (2320,1393)  (2181,1197)  (2043,1373)  (2131,1196)  (2082,1192)  (2330,1439)  (2128,1150)  (2376,1439)
s037  (2483,1375)  (2437,1420)  (2437,1374)  (2528,1421)  (2483,1329)  (2529,1329)  (2529,1375)  (2435,1328)  (2482,1466)  (2574,1421)  (2541,1467)  (2481,1283)  (2527,1283)  (2573,1283)  (2575,1329)  (2575,1375)  (2389,1318)  (2435,1282)  (2379,1272)  (2495,1512)  (2542,1513)  (2621,1373)  (2621,1419)  (2580,1559)  (2534,1559)
s137  (2525,3747)  (2479,3792)  (2479,3746)  (2526,3701)  (2571,3747)  (2572,3700)  (2433,3798)  (2433,3752)  (2433,3706)  (2617,3746)  (2618,3699)  (2663,3745)  (2664,3697)  (2709,3743)  (2710,3696)  (2755,3742)  (2756,3693)
s138  (3062,3845)  (3016,3853)  (3016,3807)  (3107,3891)  (3062,3799)  (3108,3799)  (3108,3845)  (2977,3761)  (2970,3827)  (3023,3753)  (3069,3753)  (3149,3753)  (3154,3799)  (2931,3756)  (3017,3707)  (3160,3707)
s135  (2322,3629)  (2276,3661)  (2368,3619)  (2230,3662)  (2414,3617)  (2184,3663)  (2460,3615)  (2138,3665)  (2506,3613)  (2552,3611)  (2598,3609)  (2644,3624)
s136  (2187,3750)  (2141,3795)  (2141,3749)  (2232,3796)  (2233,3710)  (2095,3816)  (2095,3770)  (2095,3724)  (2278,3756)  (2278,3802)  (2279,3709)  (2049,3818)  (2049,3772)  (2324,3755)  (2324,3801)  (2325,3708)  (2003,3821)
s139  (3263,3816)  (3217,3861)  (3217,3815)  (3280,3862)  (3263,3770)  (3309,3770)  (3309,3816)  (3232,3907)  (3230,3724)  (3276,3724)  (3322,3724)  (3355,3770)  (3368,3711)  (3414,3724)
s176  (3021,711)  (2975,690)  (3066,757)  (3021,665)  (3067,665)  (3067,711)  (2953,644)  (2999,619)  (3045,619)  (3113,658)  (3113,704)  (2907,641)  (2953,598)
s175  (4215,525)  (4169,564)  (4169,518)  (4260,571)  (4215,479)  (4261,479)  (4261,525)  (4161,472)  (4123,525)  (4306,571)  (4270,617)  (4207,433)  (4307,498)  (4115,479)  (4145,426)
s178  (3584,602)  (3538,647)  (3538,601)  (3629,648)  (3584,556)  (3630,556)  (3630,602)  (3583,693)  (3492,689)  (3675,648)  (3675,694)  (3629,694)  (3598,510)
s177  (3252,667)  (3206,712)  (3206,666)  (3297,713)  (3252,621)  (3298,621)  (3298,667)  (3251,758)  (3205,758)  (3344,603)  (3344,649)  (3159,761)  (3251,804)  (3205,804)  (3390,600)  (3390,646)  (3436,596)
s172  (3398,485)  (3352,530)  (3352,484)  (3443,531)  (3398,439)  (3444,439)  (3444,485)  (3350,438)  (3306,556)  (3306,510)  (3489,531)  (3396,393)  (3442,393)  (3488,393)  (3490,439)  (3490,485)  (3534,383)  (3536,429)  (3536,475)
s171  (3194,360)  (3148,383)  (3148,337)  (3239,406)  (3194,314)  (3240,314)  (3240,360)  (3193,429)  (3124,291)  (3285,406)  (3258,452)  (3170,268)  (3216,268)  (3286,277)  (3286,323)  (3078,310)  (3107,245)  (3332,291)  (3332,337)
Bulla  (623,3529)  (577,3574)  (668,3575)  (669,3503)
s174  (3949,541)  (3903,580)  (3903,534)  (3994,587)  (3949,495)  (3995,495)  (3995,541)  (3895,488)  (4040,587)  (4040,633)  (3994,633)  (3941,449)  (4041,541)  (3861,442)  (4087,580)
s173  (3738,444)  (3692,489)  (3692,443)  (3783,490)  (3784,406)  (3690,397)  (3737,535)  (3817,536)  (3644,426)  (3771,581)
s031  (200,1403)  (154,1365)  (238,1449)  (192,1449)  (200,1357)  (246,1357)  (139,1319)  (257,1495)  (211,1495)  (185,1311)  (231,1311)  (124,1273)  (287,1541)  (241,1541)  (170,1265)  (216,1265)  (119,1227)  (165,1219)  (211,1219)  (257,1219)
s170  (3035,461)  (2989,477)  (2989,431)  (3080,507)  (3035,415)  (3081,415)  (3081,461)  (3034,523)  (2958,385)  (3126,507)  (3126,553)  (3080,553)  (3004,369)  (3127,456)  (3172,503)  (3172,549)  (3164,599)
s030  (63,1500)  (17,1545)  (17,1499)  (108,1546)  (63,1454)  (109,1454)  (109,1500)  (15,1453)  (62,1591)  (16,1591)  (154,1553)  (108,1592)  (61,1408)  (0,1407)  (161,1599)  (62,1637)  (16,1637)  (46,1362)  (0,1361)  (46,1316)  (0,1315)  (46,1270)  (0,1269)
s033  (1288,1495)  (1242,1540)  (1242,1494)  (1333,1541)  (1288,1449)  (1334,1449)  (1334,1495)  (1240,1448)  (1196,1548)  (1196,1502)  (1286,1403)  (1332,1403)  (1378,1403)  (1194,1408)  (1240,1402)  (1171,1362)  (1286,1357)  (1332,1357)  (1378,1357)  (1217,1356)  (1263,1311)  (1309,1311)  (1355,1311)  (1401,1311)  (1212,1310)  (1258,1265)  (1304,1265)  (1350,1265)  (1284,1219)
s032  (1015,1587)  (969,1632)  (969,1586)  (1060,1633)  (1015,1541)  (1061,1541)  (1061,1587)  (967,1540)  (1014,1678)  (968,1678)  (923,1632)  (1086,1679)  (1013,1495)  (1059,1495)  (1105,1495)  (1107,1541)  (1107,1587)  (928,1494)  (1040,1724)  (974,1449)  (1020,1449)  (1066,1449)  (921,1448)
s035  (1790,1335)  (1744,1380)  (1744,1334)  (1835,1381)  (1790,1289)  (1836,1289)  (1836,1335)  (1742,1288)  (1789,1426)  (1698,1360)  (1881,1381)  (1808,1243)  (1854,1243)  (1882,1289)  (1882,1335)  (1696,1314)  (1927,1381)  (1928,1298)  (1973,1344)  (1973,1390)
s034  (1510,1374)  (1464,1419)  (1464,1373)  (1555,1420)  (1510,1328)  (1556,1328)  (1556,1374)  (1462,1327)  (1509,1465)  (1463,1465)  (1601,1420)  (1601,1466)  (1555,1466)  (1602,1348)  (1499,1511)  (1453,1511)  (1647,1402)  (1647,1448)
s025  (1427,937)  (1381,982)  (1381,936)  (1472,983)  (1427,891)  (1473,891)  (1473,937)  (1379,890)  (1335,995)  (1335,949)  (1518,983)  (1518,1029)  (1472,1029)  (1519,868)  (1519,914)  (1333,903)  (1333,857)  (1289,980)  (1564,960)  (1564,1006)  (1565,876)  (1287,934)  (1287,888)  (1287,842)  (1610,922)  (1610,968)  (1610,1014)
s026  (984,1258)  (938,1303)  (938,1257)  (1029,1304)  (984,1212)  (1030,1233)  (936,1211)  (983,1349)  (937,1349)  (1075,1317)  (1029,1350)  (982,1166)  (917,1165)  (1088,1363)  (963,1120)  (937,1074)
s027  (1200,1166)  (1154,1211)  (1154,1165)  (1206,1212)  (1200,1120)  (1246,1120)  (1160,1257)  (1114,1257)  (1108,1211)  (1209,1074)  (1255,1074)  (1301,1065)
s028  (1505,1190)  (1459,1235)  (1459,1189)  (1550,1236)  (1505,1144)  (1551,1144)  (1551,1190)  (1457,1143)  (1413,1227)  (1596,1236)  (1596,1098)  (1597,1144)  (1597,1190)  (1411,1181)  (1411,1135)  (1457,1097)  (1403,1089)  (1642,1089)  (1642,1236)  (1643,1135)  (1643,1181)  (1365,1192)  (1365,1146)  (1688,1085)  (1688,1227)  (1689,1131)  (1689,1177)  (1735,1126)  (1735,1172)  (1781,1167)
s029  (1919,1064)  (1873,1109)  (1873,1063)  (1964,1110)  (1919,1018)  (1965,1018)  (1965,1064)  (1871,1017)  (1918,1155)  (1872,1155)  (1827,1109)  (1827,1063)  (2010,1110)  (2010,1156)  (1964,1156)  (1917,972)  (2011,1005)  (2011,1051)  (1825,1017)  (1825,971)  (1871,971)  (1918,1201)  (1781,1079)  (2023,1202)  (1977,1202)  (1779,1033)  (1779,987)  (2013,1248)  (1733,1037)
s168  (3856,279)  (3875,205)  (3921,194)  (3961,309)  (3967,196)  (3875,159)  (4007,344)  (4019,418)  (4053,365)  (4065,411)
Roma  (2106,883)  (2060,928)  (2060,882)  (2151,929)  (2106,837)  (2152,837)  (2152,883)  (2058,836)  (2105,974)  (2014,933)  (2014,887)  (2197,929)  (2197,975)  (2151,975)  (2104,791)  (2150,791)  (2196,791)  (2198,837)  (2198,883)  (2012,841)  (2012,795)  (2058,790)  (1968,890)  (2243,929)  (2198,1021)  (2152,1021)  (2104,745)  (2150,745)  (2244,829)  (2244,875)  (1966,844)
s169  (2836,471)  (2790,516)  (2790,470)  (2881,517)  (2836,425)  (2882,432)  (2788,424)  (2835,562)  (2927,500)  (2834,379)  (2742,459)  (2742,413)  (2788,378)  (2731,367)  (2779,332)
s167  (3594,284)  (3548,329)  (3548,283)  (3639,330)  (3640,262)  (3546,237)  (3502,332)  (3502,286)  (3685,308)  (3500,240)  (3731,270)  (3454,242)
s166  (3261,171)  (3215,193)  (3215,147)  (3306,217)  (3261,125)  (3307,125)  (3307,171)  (3169,179)  (3169,133)  (3352,217)  (3353,117)  (3353,163)  (3123,165)
s165  (2910,226)  (2864,271)  (2864,225)  (2955,272)  (2910,180)  (2956,180)  (2956,226)  (2862,179)  (2909,317)  (2908,134)  (2954,134)  (3000,134)  (3002,180)  (3002,226)  (2820,133)  (3046,95)  (3048,141)  (3048,187)
Pharos  (3716,214)  (3669,210)  (3762,213)
s164  (2665,227)  (2619,241)  (2619,195)  (2710,273)  (2665,181)  (2711,181)  (2711,227)  (2664,287)  (2731,135)  (2757,181)  (2757,227)
s163  (3438,120)  (3483,166)  (3414,74)  (3460,74)  (3484,120)  (3506,70)  (3529,166)  (3399,28)  (3445,28)  (3530,116)  (3552,70)  (3575,162)  (3576,24)  (3576,116)  (3598,70)  (3622,116)  (3644,70)  (3668,116)  (3712,162)  (3714,93)  (3758,139)  (3804,107)
s162  (3114,4)  (3068,46)  (3068,0)  (3159,50)  (3160,0)  (3022,43)  (3205,46)  (3206,0)  (2976,39)  (3251,46)  (3252,0)  (3297,46)  (3298,0)  (3343,46)
Petra  (3003,2964)  (3049,2936)  (3049,2982)
s161  (2703,21)  (2657,66)  (2657,20)  (2748,67)  (2749,0)  (2611,103)  (2611,57)  (2611,11)  (2794,46)  (2795,0)  (2565,57)  (2565,11)  (2840,46)  (2841,0)  (2886,46)  (2887,0)
s160  (3586,4272)  (3540,4317)  (3540,4271)  (3631,4318)  (3586,4226)  (3632,4226)  (3632,4272)  (3538,4225)  (3494,4354)  (3494,4308)  (3677,4318)  (3584,4180)  (3630,4180)  (3676,4180)  (3678,4226)  (3678,4272)  (3492,4262)  (3492,4216)  (3538,4179)  (3483,4170)  (3448,4354)  (3448,4308)  (3584,4134)  (3630,4134)  (3676,4134)  (3446,4262)  (3446,4216)
s020  (80,1088)  (34,1133)  (34,1087)  (125,1134)  (80,1042)  (126,1042)  (126,1088)  (32,1041)  (78,1179)  (32,1179)  (171,1134)  (172,1066)  (0,995)  (46,995)  (217,1112)
s024  (1086,918)  (1040,963)  (1040,917)  (1131,964)  (1086,872)  (1132,872)  (1132,918)  (1085,1009)  (1039,1009)  (1177,964)  (1177,1010)  (1131,1010)  (993,1010)  (1067,826)  (1113,826)  (1159,826)  (1178,872)  (1178,918)  (1205,799)  (1085,1055)  (1039,1055)  (1223,964)  (1131,1056)  (1088,780)  (1134,780)  (1224,845)  (1224,891)  (1081,1101)  (1035,1101)
s023  (851,929)  (805,974)  (805,928)  (896,975)  (851,883)  (897,883)  (897,929)  (803,882)  (894,1021)  (849,837)  (895,837)  (943,855)  (943,901)
s022  (602,1078)  (556,1123)  (622,1124)  (568,1032)  (648,1053)  (544,1169)  (734,1099)  (766,1052)  (780,1098)  (826,1076)  (826,1122)  (853,1168)
s021  (409,1090)  (363,1135)  (363,1089)  (454,1136)  (409,1044)  (455,1044)  (455,1090)  (361,1043)  (408,1181)  (362,1181)  (485,1182)  (455,998)  (501,998)  (501,1044)  (501,1090)  (315,1074)  (439,1227)  (393,1227)
s016  (959,703)  (913,748)  (913,702)  (1004,749)  (959,657)  (1005,657)  (1005,703)  (911,656)  (958,794)  (867,764)  (1013,795)  (1051,634)  (1051,680)
s017  (1255,667)  (1209,712)  (1209,666)  (1300,713)  (1255,621)  (1301,621)  (1301,667)  (1207,620)  (1163,728)  (1163,682)  (1346,713)  (1346,759)  (1300,759)  (1253,575)  (1347,625)  (1161,636)  (1117,716)
s014  (269,889)  (223,934)  (223,888)  (314,935)  (269,843)  (315,843)  (315,889)  (221,842)  (268,980)  (222,980)  (177,934)  (177,888)  (176,981)  (267,797)  (313,797)  (131,935)  (253,751)  (299,751)
s015  (420,836)  (465,882)  (419,882)  (384,790)  (430,790)  (466,836)  (476,780)  (511,901)  (465,928)  (419,928)  (395,744)  (441,734)  (522,769)  (462,688)
s018  (1494,720)  (1448,765)  (1448,719)  (1539,766)  (1494,674)  (1540,674)  (1540,720)  (1446,673)  (1585,766)  (1585,812)  (1539,812)  (1492,628)  (1538,628)  (1584,628)  (1586,674)  (1586,720)  (1401,627)  (1447,582)  (1493,582)  (1539,582)  (1585,582)  (1547,536)
s019  (1702,865)  (1747,911)  (1701,911)  (1658,819)  (1704,819)  (1748,865)  (1750,817)  (1793,911)  (1675,957)  (1656,773)  (1702,773)  (1794,863)  (1796,789)  (1654,727)  (1700,727)  (1840,835)  (1840,881)  (1652,681)  (1698,681)  (1886,858)  (1650,635)  (1673,589)
s159  (3280,4277)  (3234,4322)  (3234,4276)  (3325,4323)  (3280,4231)  (3326,4231)  (3326,4277)  (3232,4230)  (3188,4354)  (3188,4308)  (3371,4323)  (3284,4185)  (3330,4185)  (3372,4231)  (3372,4277)  (3186,4262)  (3376,4181)  (3142,4354)  (3142,4308)  (3140,4262)
s157  (2624,4304)  (2578,4349)  (2578,4303)  (2669,4350)  (2624,4258)  (2670,4258)  (2670,4304)  (2576,4257)  (2532,4354)  (2532,4308)  (2715,4350)  (2622,4212)  (2716,4220)  (2716,4266)  (2530,4262)  (2550,4211)  (2484,4252)
s158  (2963,4316)  (2917,4354)  (2917,4308)  (2963,4270)  (3009,4270)  (3009,4316)  (2908,4262)  (2871,4354)  (2871,4308)  (2954,4224)  (3000,4224)  (3046,4224)  (3055,4270)  (3055,4316)  (2862,4262)  (2825,4354)  (2825,4308)  (2956,4178)  (3002,4178)  (3048,4178)  (2816,4262)  (3010,4132)
s098  (277,3024)  (231,3069)  (231,3023)  (322,3070)  (277,2978)  (323,2978)  (323,3024)  (229,2977)  (185,3105)  (185,3059)  (275,2932)  (321,2932)  (183,3013)  (183,2967)  (229,2931)  (139,3105)  (139,3059)  (137,3013)  (93,3105)  (93,3059)  (91,3013)  (47,3105)  (47,3059)  (1,3105)  (1,3059)
s099  (516,3149)  (470,3194)  (470,3148)  (561,3195)  (516,3103)  (562,3103)  (562,3149)  (468,3102)  (515,3240)  (469,3240)  (424,3194)  (424,3148)  (607,3195)  (598,3241)  (423,3241)  (514,3057)  (560,3057)  (606,3057)  (608,3103)  (608,3149)  (422,3102)  (422,3056)  (468,3056)  (507,3286)  (653,3195)  (461,3287)  (415,3287)  (514,3011)  (560,3011)  (606,3011)  (408,3010)  (454,3010)
s094  (1378,2988)  (1332,3030)  (1332,2984)  (1423,3034)  (1378,2942)  (1424,2951)  (1327,2938)  (1286,3022)  (1469,2997)  (1469,3043)  (1281,2976)  (1281,2930)  (1457,3089)  (1264,2884)  (1235,3014)  (1235,2968)  (1218,2922)  (1218,2876)  (1189,3005)
s190  (4809,988)  (4763,1033)  (4763,987)  (4854,1034)  (4809,942)  (4855,942)  (4855,988)  (4808,1079)  (4717,1071)  (4868,1080)  (4801,896)  (4847,896)  (4893,896)  (4901,942)  (4901,988)  (4824,850)  (4870,850)
s095  (1724,3013)  (1678,3058)  (1678,3012)  (1769,3059)  (1724,2967)  (1770,2967)  (1770,3013)  (1659,3104)  (1632,3058)  (1632,3012)  (1613,3123)  (1586,3077)  (1586,3031)  (1567,3156)  (1540,3110)  (1540,3064)
s096  (1897,3025)  (1851,3065)  (1851,3019)  (1897,2979)  (1943,2979)  (1943,3025)  (1872,2933)  (1918,2933)  (1964,2933)
s191  (4020,1170)  (3974,1215)  (3974,1169)  (4065,1216)  (3972,1123)  (3928,1219)  (3928,1173)  (3882,1218)
s192  (4223,1163)  (4177,1208)  (4264,1209)  (4235,1117)  (4269,1163)  (4281,1105)  (4218,1254)  (4172,1254)  (4315,1151)  (4126,1252)  (4293,1059)  (4327,1105)  (4339,1047)  (4361,1151)
s097  (3300,3099)  (3254,3127)  (3317,3145)  (3301,3053)  (3346,3099)  (3347,3052)  (3328,3006)  (3374,3006)  (3393,3061)  (3363,2960)
s193  (4175,1370)  (4129,1397)  (4129,1351)  (4220,1416)  (4221,1370)  (4092,1305)  (4266,1416)  (4266,1462)  (4046,1310)
s090  (3333,2748)  (3287,2793)  (3287,2747)  (3378,2794)  (3379,2711)  (3256,2839)  (3241,2793)  (3241,2747)  (3424,2757)  (3425,2708)  (3430,2803)  (3470,2754)
s194  (4332,1335)  (4286,1332)  (4377,1381)  (4331,1381)  (4332,1289)  (4378,1295)  (4282,1286)  (4423,1341)  (4423,1387)  (4377,1427)  (4429,1433)
s091  (109,2771)  (63,2816)  (63,2770)  (154,2817)  (109,2725)  (155,2725)  (155,2771)  (61,2724)  (108,2862)  (62,2862)  (17,2816)  (17,2770)  (200,2817)  (200,2863)  (154,2863)  (16,2863)  (201,2760)  (15,2724)  (108,2908)  (62,2908)  (246,2822)  (16,2909)  (43,2955)
s195  (4570,1266)  (4524,1292)  (4524,1246)  (4570,1220)  (4503,1200)  (4478,1282)  (4549,1174)  (4457,1236)  (4457,1190)  (4565,1128)  (4411,1240)
s092  (409,2783)  (363,2828)  (363,2782)  (454,2829)  (409,2737)  (455,2737)  (455,2783)  (361,2736)  (408,2874)  (317,2809)  (500,2829)  (500,2875)  (454,2875)  (407,2691)  (501,2746)  (315,2763)  (315,2717)  (361,2690)  (296,2671)  (408,2920)  (546,2792)  (546,2838)  (546,2884)  (500,2921)  (454,2921)  (269,2743)  (351,2644)  (250,2697)  (592,2800)  (592,2876)
Caralis  (676,2169)  (630,2189)  (630,2143)  (676,2123)  (722,2123)  (722,2169)  (735,2215)  (584,2186)  (584,2140)  (768,2116)  (768,2162)
s196  (4718,1205)  (4672,1250)  (4672,1204)  (4763,1251)  (4718,1159)  (4764,1159)  (4764,1205)  (4670,1158)  (4809,1251)  (4810,1140)  (4810,1186)  (4628,1112)  (4855,1232)  (4856,1148)
s093  (1039,2907)  (993,2952)  (993,2906)  (1084,2953)  (1039,2861)  (1085,2861)  (1085,2907)  (991,2860)  (947,2963)  (947,2917)  (1037,2815)  (1083,2815)  (1129,2815)  (1131,2861)  (945,2871)  (945,2825)  (991,2814)  (1037,2769)  (899,2839)  (956,2768)  (1002,2723)
s197  (4709,1395)  (4663,1437)  (4663,1391)  (4709,1349)  (4755,1349)  (4755,1395)  (4658,1345)  (4617,1440)  (4617,1394)  (4801,1318)  (4801,1364)  (4801,1410)  (4612,1348)  (4571,1440)  (4571,1394)  (4847,1314)  (4847,1360)  (4847,1406)  (4566,1348)  (4525,1440)  (4525,1394)  (4893,1334)  (4520,1348)
s198  (4447,1530)  (4401,1575)  (4401,1529)  (4492,1576)  (4493,1488)  (4446,1621)  (4355,1521)  (4538,1534)  (4538,1580)  (4539,1488)  (4584,1534)  (4584,1580)  (4585,1487)
s199  (4764,1584)  (4718,1629)  (4718,1583)  (4809,1630)  (4764,1538)  (4810,1538)  (4810,1584)  (4716,1537)  (4672,1602)  (4855,1630)  (4855,1676)  (4809,1676)  (4762,1492)  (4808,1492)  (4854,1492)  (4856,1538)  (4856,1584)  (4670,1556)  (4683,1491)  (4901,1630)  (4902,1544)
Bidi  (2861,3338)  (2815,3360)  (2907,3331)
s089  (3145,2770)  (3099,2815)  (3099,2769)  (3156,2816)  (3145,2724)  (3097,2723)  (3065,2861)  (3053,2815)  (3053,2769)  (3154,2862)  (3051,2723)  (3019,2879)  (3007,2833)  (3007,2787)  (3005,2741)
Monopolis  (3979,1404)  (3933,1449)  (3933,1403)  (4024,1450)  (3979,1358)  (4025,1386)  (3887,1455)  (3887,1409)
s087  (2491,2891)  (2445,2876)  (2536,2937)  (2582,2913)  (2582,2959)
s088  (2811,2917)  (2765,2962)  (2765,2916)  (2815,2963)  (2857,2877)  (2861,2923)  (2719,2947)  (2719,2901)  (2903,2869)  (2907,2915)  (2673,2934)
s180  (3804,715)  (3758,760)  (3758,714)  (3849,761)  (3804,669)  (3850,669)  (3850,715)  (3712,789)  (3848,623)  (3896,651)  (3896,697)  (3896,743)  (3942,679)  (3942,725)  (3988,707)
s085  (1813,2802)  (1767,2847)  (1767,2801)  (1858,2848)  (1859,2779)  (1770,2893)  (1724,2893)  (1721,2847)  (1721,2801)  (1904,2825)  (1904,2871)  (1950,2790)  (1950,2836)
s181  (4113,709)  (4067,754)  (4158,755)  (4110,663)  (4156,663)  (4159,709)  (4112,800)  (4205,681)  (4205,727)
s086  (2180,2855)  (2134,2834)  (2203,2901)  (2157,2901)  (2226,2823)  (2088,2840)  (2272,2828)  (2042,2851)  (2042,2805)
s083  (1175,2696)  (1129,2727)  (1129,2681)  (1220,2742)  (1175,2650)  (1221,2650)  (1221,2696)  (1113,2635)  (1083,2686)  (1266,2742)  (1266,2788)  (1220,2788)  (1159,2604)  (1267,2653)  (1067,2640)  (1067,2594)  (1113,2589)  (1312,2699)  (1312,2745)  (1312,2791)  (1315,2837)  (1077,2543)  (1358,2715)
s084  (1529,2842)  (1483,2887)  (1483,2841)  (1574,2888)  (1529,2796)  (1575,2796)  (1575,2842)  (1481,2795)  (1437,2890)  (1437,2844)  (1620,2888)  (1576,2934)  (1527,2750)  (1573,2750)  (1619,2750)  (1621,2796)  (1621,2842)  (1435,2798)  (1435,2752)  (1481,2749)  (1391,2871)
s184  (3602,938)  (3556,983)  (3647,984)  (3584,892)  (3630,892)  (3648,938)  (3676,875)  (3601,1029)  (3555,1029)  (3510,983)  (3693,984)  (3683,1030)  (3605,846)  (3694,921)  (3637,1075)
s081  (791,2733)  (745,2778)  (745,2732)  (836,2779)  (791,2687)  (837,2687)  (837,2733)  (743,2686)  (699,2812)  (699,2766)  (789,2641)  (883,2681)  (883,2727)  (697,2720)  (726,2640)
s185  (3853,849)  (3807,894)  (3807,848)  (3898,895)  (3899,807)  (3852,940)  (3761,876)  (3944,853)  (3944,899)  (3945,798)  (3990,844)  (3990,890)  (3991,795)  (4036,841)
Aspalathos  (3684,0)  (3730,0)  (3766,46)  (3776,0)  (3812,46)  (3515,6)
s082  (941,2545)  (895,2590)  (895,2544)  (985,2591)  (941,2499)  (987,2499)  (987,2545)  (893,2498)  (939,2636)  (849,2581)  (939,2453)  (985,2453)  (1031,2453)  (847,2535)  (847,2489)  (893,2452)  (838,2443)  (801,2549)  (801,2503)  (884,2406)  (808,2397)
s182  (4470,765)  (4424,810)  (4424,764)  (4515,811)  (4470,719)  (4516,719)  (4516,765)  (4422,718)  (4469,856)  (4378,774)  (4561,811)  (4561,857)  (4515,857)  (4468,673)  (4514,673)  (4560,673)  (4562,719)  (4562,765)  (4376,728)  (4376,682)  (4422,672)  (4344,636)  (4565,903)  (4519,903)  (4468,627)  (4514,627)  (4330,718)  (4390,626)  (4398,580)
s183  (4639,851)  (4684,897)  (4638,897)  (4614,805)  (4660,805)  (4685,851)  (4706,784)  (4730,897)  (4614,759)  (4660,759)  (4731,830)  (4615,713)  (4661,713)  (4634,667)
s080  (526,2627)  (480,2659)  (480,2613)  (571,2673)  (526,2581)  (572,2581)  (572,2627)  (465,2567)  (617,2673)  (617,2719)  (511,2535)  (557,2535)  (618,2555)  (618,2601)  (419,2561)  (465,2521)  (413,2515)  (511,2489)  (664,2595)
s188  (4087,1042)  (4041,1086)  (4041,1040)  (4132,1088)  (4087,996)  (4133,996)  (4133,1042)  (4038,994)  (3995,1048)  (4126,1134)  (4084,950)  (4179,1000)  (4179,1046)  (3992,1002)  (4014,948)  (4225,1032)  (3946,1015)
Cargesa  (590,712)  (544,714)  (552,666)
s189  (4470,1035)  (4424,1080)  (4424,1034)  (4515,1081)  (4470,989)  (4516,989)  (4516,1035)  (4422,988)  (4420,1126)  (4562,977)  (4562,1023)  (4608,979)  (4608,1025)  (4654,980)  (4654,1026)
s186  (4270,887)  (4224,932)  (4224,886)  (4315,933)  (4270,841)  (4316,841)  (4316,887)  (4222,840)  (4269,978)  (4178,920)  (4268,795)  (4362,857)  (4362,903)  (4176,874)  (4408,910)  (4130,887)
s187  (3820,1095)  (3774,1140)  (3774,1094)  (3851,1141)  (3820,1049)  (3866,1049)  (3866,1095)  (3772,1048)  (3728,1116)  (3912,1070)  (3761,1002)  (3807,1002)
Maratea  (3523,1977)  (3546,2023)  (3500,2023)  (3493,1931)  (3539,1931)
s179  (3459,759)  (3413,804)  (3413,758)  (3504,805)  (3505,739)  (3367,805)  (3367,759)  (3550,785)  (3321,805)  (3596,744)
Foligium  (2379,360)  (2333,405)  (2333,359)  (2424,406)  (2379,314)  (2425,314)  (2425,360)  (2331,313)  (2378,451)  (2332,451)  (2451,452)  (2377,268)
Pupluna  (1435,100)  (1389,145)  (1389,99)  (1480,146)  (1435,54)  (1481,54)  (1481,100)  (1387,53)  (1434,191)  (1388,191)  (1343,145)  (1343,99)  (1342,192)  (1433,8)  (1479,8)  (1525,8)  (1527,54)  (1341,53)  (1341,7)  (1387,7)  (1390,237)
Phintias  (2549,3390)  (2503,3413)  (2595,3374)  (2595,3420)  (2641,3375)  (2641,3421)
s072  (1746,2597)  (1700,2642)  (1700,2596)  (1791,2643)  (1746,2551)  (1792,2551)  (1792,2597)  (1698,2550)  (1745,2688)  (1699,2688)  (1654,2642)  (1654,2596)  (1803,2689)  (1653,2689)  (1838,2549)  (1652,2550)  (1608,2643)  (1608,2597)  (1607,2697)  (1606,2551)  (1562,2651)  (1562,2605)  (1560,2559)  (1560,2513)
s073  (2001,2688)  (1955,2733)  (1955,2687)  (2046,2734)  (2001,2642)  (2047,2642)  (2047,2688)  (1953,2641)  (1909,2732)  (2092,2734)  (1999,2596)  (2045,2596)  (2091,2596)  (2093,2642)  (2093,2688)  (1907,2686)  (1907,2640)  (1953,2595)  (1906,2594)  (2137,2577)  (2138,2734)  (2139,2623)  (2139,2669)  (1861,2726)
s074  (2300,2701)  (2254,2746)  (2254,2700)  (2345,2747)  (2300,2655)  (2346,2655)  (2346,2701)  (2252,2654)  (2208,2769)  (2208,2723)  (2391,2747)  (2391,2793)  (2298,2609)  (2344,2609)  (2392,2614)  (2392,2660)  (2206,2677)  (2206,2631)  (2252,2608)  (2199,2585)  (2437,2706)  (2437,2752)  (2437,2798)  (2438,2621)  (2483,2667)  (2483,2713)
s075  (2621,2747)  (2575,2792)  (2575,2746)  (2666,2793)  (2621,2701)  (2667,2701)  (2667,2747)  (2573,2700)  (2620,2838)  (2574,2838)  (2529,2792)  (2712,2793)  (2712,2839)  (2666,2839)  (2619,2655)  (2665,2655)  (2711,2655)  (2713,2701)  (2713,2747)  (2570,2654)  (2757,2628)  (2758,2793)  (2758,2839)  (2759,2674)  (2759,2720)
s076  (2963,2601)  (2917,2646)  (2917,2600)  (2990,2647)  (2963,2555)  (3009,2555)  (3009,2601)  (2915,2554)  (2944,2692)  (2898,2692)  (2871,2646)  (2871,2600)  (2961,2509)  (3007,2509)  (3055,2558)  (2852,2711)  (2945,2738)  (2899,2738)  (2973,2463)  (2853,2757)  (2931,2784)  (2885,2803)  (2839,2803)
s077  (3213,2556)  (3167,2601)  (3167,2555)  (3258,2602)  (3213,2510)  (3259,2510)  (3259,2556)  (3212,2647)  (3166,2647)  (3304,2602)  (3304,2648)  (3258,2648)  (3120,2648)  (3251,2464)  (3305,2506)  (3305,2552)  (3074,2675)
s078  (3515,2556)  (3469,2601)  (3469,2555)  (3515,2510)  (3561,2510)  (3561,2556)  (3469,2647)  (3423,2647)  (3423,2601)  (3423,2555)  (3607,2519)  (3607,2565)
s079  (121,2563)  (75,2608)  (75,2562)  (166,2609)  (121,2517)  (167,2517)  (167,2563)  (73,2516)  (57,2654)  (29,2608)  (29,2562)  (212,2609)  (213,2478)  (213,2524)  (27,2516)  (11,2664)  (258,2570)  (259,2478)  (259,2524)  (304,2570)  (305,2477)  (305,2523)  (350,2569)
Malet  (2852,4193)
Pretuzi  (2590,569)  (2635,615)  (2589,615)  (2558,523)  (2604,523)  (2636,569)  (2650,509)  (2682,555)  (2696,508)
Chersone  (3984,265)
s070  (925,2290)  (879,2335)  (879,2289)  (970,2336)  (925,2244)  (971,2246)  (877,2243)  (833,2321)  (1016,2292)  (1016,2338)  (831,2275)  (831,2229)  (877,2197)  (1018,2384)  (1062,2299)  (1064,2345)  (1064,2391)
Thabraca  (437,3515)  (391,3555)  (391,3509)  (461,3469)  (483,3515)  (507,3445)  (345,3548)  (345,3502)
s071  (1296,2526)  (1250,2563)  (1250,2517)  (1341,2572)  (1296,2480)  (1342,2480)  (1342,2526)  (1240,2471)  (1204,2532)  (1387,2572)  (1387,2618)  (1341,2618)  (1286,2434)  (1332,2434)  (1388,2449)  (1388,2495)  (1194,2486)  (1194,2440)  (1240,2425)  (1163,2394)  (1433,2541)  (1433,2587)  (1433,2633)  (1434,2469)  (1148,2494)  (1148,2448)  (1209,2379)  (1448,2679)  (1150,2348)  (1479,2515)  (1479,2561)  (1479,2607)
Casinum  (2679,1022)  (2633,1061)  (2633,1015)  (2724,1068)  (2679,976)  (2725,976)  (2725,1022)  (2625,969)  (2587,1066)  (2587,1020)  (2770,1068)  (2671,930)  (2771,951)  (2771,997)  (2579,974)  (2620,923)  (2816,1043)  (2816,1089)  (2817,972)  (2862,1018)  (2862,1064)  (2862,1110)
Utica  (908,3465)  (862,3436)  (954,3420)  (954,3466)  (954,3512)  (908,3419)  (858,3390)
Tegianum  (3338,1708)  (3383,1754)  (3337,1754)  (3334,1662)  (3380,1662)  (3384,1708)
Motya  (2027,2990)
Selinus  (2213,3190)  (2259,3169)  (2305,3172)
Carthage  (1005,3707)  (959,3752)  (959,3706)  (1005,3661)  (1051,3670)  (1051,3716)  (957,3660)  (1097,3675)  (1097,3721)  (966,3614)  (1143,3663)  (1143,3709)
s069  (690,2421)  (644,2466)  (644,2420)  (735,2467)  (690,2375)  (736,2375)  (736,2421)  (642,2374)  (689,2512)  (598,2451)  (745,2513)  (688,2329)  (734,2329)  (596,2405)  (613,2328)  (659,2283)  (705,2283)  (550,2410)  (597,2282)
Cossyra  (1746,3643)  (1724,3597)
s063  (2774,2459)  (2728,2504)  (2728,2458)  (2819,2505)  (2774,2413)  (2820,2413)  (2820,2459)  (2726,2412)  (2773,2550)  (2727,2550)  (2822,2551)  (2772,2367)  (2818,2367)  (2864,2367)  (2866,2413)  (2866,2459)  (2706,2366)  (2910,2350)  (2759,2321)  (2805,2321)  (2851,2321)  (2912,2396)  (2832,2275)
s064  (3131,2358)  (3085,2403)  (3085,2357)  (3176,2404)  (3131,2312)  (3177,2340)  (3083,2311)  (3130,2449)  (3084,2449)  (3039,2403)  (3039,2357)  (3129,2266)  (3037,2311)  (3037,2265)  (3083,2265)  (3132,2495)  (2991,2353)  (2991,2307)  (2991,2261)  (3084,2219)  (2945,2287)
s061  (2159,2482)  (2113,2524)  (2113,2478)  (2204,2528)  (2159,2436)  (2205,2436)  (2205,2482)  (2108,2432)  (2067,2520)  (2250,2528)  (2154,2390)  (2200,2390)  (2246,2390)  (2251,2436)  (2251,2482)  (2081,2386)  (2292,2374)  (2296,2528)  (2297,2420)  (2297,2466)  (2342,2512)  (2343,2376)  (2343,2422)
s062  (2513,2438)  (2467,2483)  (2467,2437)  (2558,2484)  (2513,2392)  (2559,2392)  (2559,2438)  (2465,2391)  (2512,2529)  (2466,2529)  (2421,2483)  (2604,2484)  (2604,2530)  (2558,2530)  (2420,2530)  (2511,2346)  (2557,2346)  (2603,2346)  (2605,2392)  (2605,2438)  (2649,2311)  (2512,2575)  (2650,2484)  (2647,2576)  (2601,2576)  (2530,2300)  (2576,2300)  (2651,2357)  (2651,2403)  (2622,2265)  (2621,2219)
Zama Regia  (875,3957)  (920,4003)  (874,4003)  (866,3911)  (912,3911)  (921,3957)  (966,4003)  (936,4049)  (842,3865)  (888,3865)
s067  (68,2288)  (22,2333)  (22,2287)  (113,2334)  (68,2242)  (114,2242)  (114,2288)  (20,2241)  (67,2379)  (21,2379)  (118,2380)  (66,2196)  (112,2196)  (0,2195)  (72,2425)  (26,2425)  (46,2150)  (0,2149)
s068  (221,2356)  (175,2401)  (175,2355)  (266,2402)  (221,2310)  (267,2310)  (267,2356)  (173,2309)  (312,2402)  (313,2339)  (175,2263)  (358,2402)  (178,2217)  (224,2191)  (270,2182)  (404,2402)  (222,2145)  (268,2136)  (450,2427)
s065  (3298,2230)  (3252,2275)  (3252,2229)  (3343,2276)  (3298,2184)  (3344,2184)  (3344,2230)  (3250,2183)  (3297,2321)  (3251,2321)  (3206,2262)  (3389,2276)  (3390,2182)  (3390,2228)  (3204,2216)  (3204,2170)  (3436,2188)  (3436,2234)  (3482,2229)
Hadrumetum  (1255,4318)  (1209,4354)  (1209,4308)  (1255,4272)  (1301,4272)  (1301,4318)  (1198,4262)  (1163,4354)  (1163,4308)  (1152,4262)  (1192,4216)  (1117,4354)  (1117,4308)
s066  (3448,2404)  (3402,2449)  (3402,2403)  (3461,2450)  (3448,2358)  (3494,2358)  (3494,2404)  (3400,2357)  (3356,2464)  (3356,2418)  (3474,2312)  (3520,2312)  (3540,2358)  (3540,2404)  (3354,2372)  (3308,2412)
Panormus  (2301,2926)  (2255,2905)  (2336,2972)
Nicia  (2716,3261)  (2748,3307)  (2711,3215)  (2702,3313)  (2737,3359)
Galea  (2812,3444)  (2766,3469)  (2766,3423)  (2858,3414)  (2904,3420)
s060  (1832,2388)  (1786,2433)  (1786,2387)  (1877,2434)  (1832,2342)  (1878,2342)  (1878,2388)  (1784,2341)  (1831,2479)  (1785,2479)  (1740,2433)  (1923,2434)  (1923,2480)  (1877,2480)  (1739,2480)  (1924,2333)  (1924,2379)  (1760,2295)  (1969,2425)  (1969,2471)  (1970,2345)  (2015,2391)  (2015,2437)
Tipasa  (159,3622)  (113,3654)  (113,3608)  (205,3590)  (205,3636)  (67,3647)  (67,3601)  (251,3594)  (21,3640)  (21,3594)
s059  (1517,2311)  (1471,2356)  (1471,2310)  (1562,2357)  (1517,2265)  (1563,2265)  (1563,2311)  (1469,2264)  (1516,2402)  (1470,2402)  (1425,2356)  (1425,2310)  (1608,2357)  (1608,2403)  (1562,2403)  (1515,2219)  (1609,2242)  (1609,2288)  (1448,2218)  (1379,2378)  (1654,2334)  (1654,2380)  (1654,2426)  (1608,2449)  (1562,2449)  (1655,2260)  (1671,2472)  (1700,2306)
s058  (1266,2196)  (1220,2241)  (1220,2195)  (1311,2242)  (1266,2150)  (1312,2150)  (1312,2196)  (1218,2149)  (1265,2287)  (1219,2287)  (1174,2241)  (1174,2195)  (1357,2242)  (1351,2288)  (1173,2288)  (1358,2144)  (1358,2190)  (1172,2149)  (1172,2103)  (1218,2103)  (1305,2333)  (1128,2242)  (1404,2162)
Taulant  (4940,1453)  (4940,1407)  (4948,1361)  (4943,1315)  (4954,1687)
Aidna  (3124,3082)
Calvia  (605,508)  (559,553)  (559,507)  (605,462)  (651,462)  (557,461)  (564,599)  (518,599)  (607,416)  (653,416)
Rotunda  (3658,1969)  (3612,1956)  (3704,1940)
Triacronum  (3567,1529)  (3590,1575)  (3563,1483)
Aenaria  (2600,1468)
Motyka  (2891,3583)  (2845,3591)
Eryx  (2106,2960)  (2089,2914)
Locri  (3667,2835)  (3621,2828)
Beneventum  (2994,1193)  (2948,1237)  (2948,1191)  (2994,1147)  (3040,1147)  (3040,1193)  (2902,1258)  (2902,1212)  (2902,1166)  (3086,1130)  (3086,1176)  (3132,1130)  (3132,1176)  (3178,1181)
s235  (2503,2081)  (2457,2093)  (2457,2047)  (2548,2127)  (2503,2035)  (2549,2035)  (2549,2081)  (2502,2139)  (2422,2001)  (2594,2127)  (2574,2173)  (2468,1989)  (2514,1989)  (2560,1989)  (2595,2074)  (2528,2185)  (2403,1955)  (2449,1943)  (2495,1943)  (2541,1943)  (2485,1897)  (2531,1897)
s234  (2198,2135)  (2152,2180)  (2152,2134)  (2221,2181)  (2198,2089)  (2244,2089)  (2244,2135)  (2150,2088)  (2175,2226)  (2129,2226)  (2106,2180)  (2106,2134)  (2196,2043)  (2242,2043)  (2288,2043)  (2290,2089)  (2083,2249)  (2334,1999)  (2138,2272)  (2060,2203)  (2192,1997)  (2238,1997)  (2284,1997)  (2336,2045)  (2092,2295)  (2046,2295)  (2330,1953)  (2229,1951)  (2275,1951)  (2267,1905)  (2313,1905)
s236  (2359,2245)  (2313,2290)  (2313,2244)  (2404,2291)  (2359,2199)  (2405,2199)  (2405,2245)  (2311,2198)  (2267,2324)  (2267,2278)  (2357,2153)  (2403,2153)  (2451,2240)  (2265,2232)  (2221,2322)  (2376,2107)
s232  (1975,1988)  (1929,2033)  (1929,1987)  (2020,2034)  (1975,1942)  (2021,1942)  (2021,1988)  (1927,1941)  (1883,2022)  (2066,2034)  (2067,1916)  (2067,1962)  (1881,1976)  (1881,1930)  (2113,1919)  (2113,1965)  (1835,2008)  (1835,1962)  (1835,1916)  (1789,1995)  (1789,1949)  (1789,1903)
s233  (1864,2162)  (1818,2207)  (1818,2161)  (1909,2208)  (1864,2116)  (1910,2116)  (1910,2162)  (1816,2115)  (1863,2253)  (1772,2238)  (1772,2192)  (1955,2208)  (1955,2254)  (1909,2254)  (1956,2103)  (1956,2149)  (1770,2146)  (1770,2100)  (1816,2069)  (1762,2054)  (1726,2222)  (2002,2117)  (2002,2163)  (1724,2176)
Bilera  (3782,1455)  (3828,1441)
s230  (4795,3279)  (4749,3305)  (4749,3259)  (4840,3325)  (4795,3233)  (4841,3233)  (4841,3279)  (4728,3213)  (4703,3261)  (4886,3325)  (4886,3371)  (4840,3371)  (4774,3187)  (4820,3187)  (4866,3187)  (4887,3233)  (4887,3279)  (4682,3215)  (4682,3169)  (4728,3167)  (4912,3162)  (4932,3325)  (4839,3141)  (4933,3208)  (4933,3254)
Segesta  (2180,3014)  (2134,3046)  (2226,2977)
s231  (4842,1856)  (4796,1901)  (4796,1855)  (4887,1902)  (4842,1810)  (4888,1810)  (4888,1856)  (4794,1809)  (4750,1891)  (4933,1902)  (4861,1764)  (4907,1764)  (4934,1810)  (4934,1856)  (4748,1845)
Korkyra  (3864,363)  (3818,356)  (3910,354)  (3772,354)  (3956,391)
Formiae  (2649,1179)  (2603,1213)  (2603,1167)  (2683,1225)  (2649,1133)  (2695,1138)  (2729,1184)  (2557,1191)  (2557,1145)  (2775,1155)  (2775,1201)  (2511,1189)  (2511,1143)  (2465,1193)
Aceruntia  (3535,1385)  (3518,1431)
s226  (4465,3251)  (4419,3296)  (4419,3250)  (4510,3297)  (4465,3205)  (4511,3205)  (4511,3251)  (4417,3204)  (4464,3342)  (4418,3342)  (4373,3296)  (4373,3250)  (4556,3297)  (4372,3343)  (4463,3159)  (4509,3159)  (4555,3159)  (4557,3205)  (4557,3251)  (4371,3204)  (4412,3158)  (4444,3388)  (4398,3389)  (4467,3113)  (4513,3113)  (4603,3214)  (4603,3260)  (4325,3238)  (4524,3067)
s225  (4142,3341)  (4096,3386)  (4096,3340)  (4187,3387)  (4142,3295)  (4188,3295)  (4188,3341)  (4141,3432)  (4095,3432)  (4233,3387)  (4136,3249)  (4182,3249)  (4228,3249)  (4234,3295)  (4234,3341)  (4279,3387)  (4168,3203)  (4214,3203)  (4280,3287)  (4280,3333)  (4201,3157)
s224  (4294,3039)  (4248,3055)  (4248,3009)  (4339,3085)  (4294,2993)  (4340,2995)  (4293,3101)  (4202,3030)  (4385,3050)  (4385,3096)  (4339,3131)  (4275,2947)  (4293,3147)
s223  (4033,3121)  (3987,3166)  (3987,3120)  (4078,3167)  (4033,3075)  (4079,3075)  (4079,3121)  (3985,3074)  (4032,3212)  (3941,3161)  (4082,3213)  (4031,3029)  (4125,3065)  (4125,3111)  (3939,3115)  (3939,3069)  (3985,3028)  (3934,3023)  (4036,3258)  (4171,3083)  (3893,3124)  (3893,3078)  (3888,3032)  (3847,3088)
Arezzo  (2191,37)  (2145,69)  (2145,23)  (2237,0)  (2237,46)  (2099,75)  (2099,29)  (2283,0)  (2283,46)  (2053,98)  (2053,52)  (2053,6)  (2329,0)  (2329,46)  (2007,118)  (2007,72)  (2007,26)  (2375,0)  (2375,46)  (1961,75)  (1961,29)
s229  (4529,3512)  (4483,3557)  (4483,3511)  (4574,3558)  (4529,3466)  (4575,3466)  (4575,3512)  (4481,3465)  (4528,3603)  (4482,3603)  (4437,3557)  (4437,3511)  (4620,3558)  (4620,3604)  (4574,3604)  (4527,3420)  (4573,3420)  (4619,3420)  (4621,3466)  (4621,3512)  (4665,3376)  (4528,3649)  (4482,3649)  (4666,3558)  (4580,3650)  (4572,3374)  (4618,3374)  (4667,3422)  (4667,3468)  (4664,3330)  (4711,3360)  (4712,3514)  (4713,3406)  (4713,3452)  (4759,3406)  (4759,3452)  (4805,3450)
s228  (4205,3565)  (4159,3610)  (4159,3564)  (4250,3611)  (4205,3519)  (4251,3519)  (4251,3565)  (4157,3518)  (4204,3656)  (4158,3656)  (4113,3566)  (4296,3611)  (4296,3657)  (4250,3657)  (4218,3473)  (4264,3473)  (4297,3519)  (4297,3565)  (4111,3520)  (4310,3460)  (4342,3611)  (4342,3657)  (4343,3506)  (4343,3552)  (4388,3611)  (4388,3657)
s227  (4719,3047)  (4673,3092)  (4673,3046)  (4764,3093)  (4719,3001)  (4765,3001)  (4765,3047)  (4627,3108)  (4627,3062)  (4627,3016)  (4810,3093)  (4811,2966)  (4811,3012)  (4856,3058)  (4857,2953)  (4857,2999)  (4902,3045)  (4903,2941)  (4903,2987)  (4948,3033)  (4948,3079)  (4949,2928)  (4949,2974)
Angon  (2462,139)  (2507,185)  (2461,185)  (2433,93)  (2479,93)  (2508,139)  (2513,231)  (2467,231)  (2433,47)  (2479,47)  (2433,1)  (2479,1)
s220  (4367,2886)  (4321,2869)  (4412,2932)  (4367,2840)  (4413,2840)  (4413,2886)  (4303,2823)  (4458,2932)  (4458,2978)  (4412,2978)  (4349,2794)  (4395,2794)  (4459,2834)  (4459,2880)  (4257,2846)  (4257,2800)  (4303,2777)  (4504,2926)  (4504,2972)  (4473,3024)  (4550,2946)
s221  (4615,2840)  (4569,2866)  (4569,2820)  (4660,2886)  (4615,2794)  (4661,2794)  (4661,2840)  (4548,2774)  (4614,2912)  (4706,2886)  (4706,2932)  (4660,2932)  (4594,2748)  (4640,2748)  (4686,2748)  (4707,2794)  (4707,2840)  (4502,2783)  (4752,2886)
s222  (4808,2749)  (4762,2743)  (4853,2795)  (4807,2795)  (4808,2703)  (4854,2703)  (4854,2749)  (4755,2697)  (4899,2795)  (4899,2841)  (4853,2841)  (4807,2841)  (4900,2660)  (4900,2706)  (4945,2752)  (4945,2798)  (4945,2844)  (4883,2887)  (4837,2887)  (4946,2652)  (4946,2698)
Porta  (715,858)  (705,812)  (751,812)
Cosentia  (3682,2351)  (3636,2353)  (3728,2334)  (3774,2347)
Zarapotamo  (3876,2378)  (3856,2424)
Siena  (1718,126)  (1672,171)  (1672,125)  (1758,172)  (1718,80)  (1764,80)  (1764,126)  (1670,79)  (1681,217)  (1635,217)  (1626,171)  (1626,125)  (1716,34)  (1762,34)  (1808,34)  (1810,80)  (1810,126)  (1624,79)  (1624,33)  (1670,33)  (1589,225)  (1854,0)  (1580,179)  (1580,133)  (1856,46)  (1856,92)  (1856,138)  (1543,228)  (1534,182)  (1902,105)
Crotone  (3975,2393)
Emania  (4189,40)  (4143,84)  (4143,38)  (4234,86)  (4235,0)  (4280,46)  (4280,92)  (4281,0)  (4326,100)  (4327,13)
Oris  (732,1537)  (686,1564)  (686,1518)  (777,1583)  (732,1491)  (778,1525)  (666,1472)  (640,1528)  (823,1571)  (866,1525)
Mateola  (3986,1542)  (3940,1567)  (3940,1521)  (4032,1511)
s213  (4819,2377)  (4773,2411)  (4773,2365)  (4864,2423)  (4819,2331)  (4865,2331)  (4865,2377)  (4760,2319)  (4818,2457)  (4910,2423)  (4910,2469)  (4864,2469)  (4806,2285)  (4852,2285)  (4898,2285)  (4911,2331)  (4911,2377)  (4725,2273)  (4944,2271)  (4954,2515)  (4908,2515)  (4862,2515)  (4954,2561)  (4908,2561)
Tibula  (612,1347)  (566,1392)  (566,1346)  (657,1393)  (612,1301)  (658,1301)  (658,1347)  (564,1300)  (520,1362)  (610,1255)  (656,1255)  (544,1254)  (597,1209)  (643,1209)  (689,1187)
s212  (4574,2500)  (4528,2545)  (4528,2499)  (4584,2546)  (4574,2454)  (4620,2454)  (4620,2500)  (4560,2408)  (4606,2408)  (4652,2408)  (4666,2454)  (4698,2377)  (4579,2362)  (4625,2362)  (4712,2423)  (4671,2331)  (4597,2316)
s215  (4087,2736)  (4041,2760)  (4041,2714)  (4132,2782)  (4087,2690)  (4133,2690)  (4133,2736)  (4018,2668)  (3995,2741)  (4178,2789)  (4064,2644)  (4110,2644)  (3997,2622)
s214  (3872,2614)  (3826,2625)  (3826,2579)  (3917,2660)  (3872,2568)  (3918,2568)  (3918,2614)  (3871,2671)  (3941,2706)  (3864,2522)  (3910,2522)  (3895,2717)  (3899,2476)  (3937,2763)
s217  (4662,2593)  (4616,2638)  (4707,2639)  (4687,2547)  (4708,2593)  (4733,2522)  (4570,2649)  (4754,2568)  (4754,2614)  (4800,2554)  (4800,2600)  (4846,2608)
Tharros  (459,1825)  (413,1805)  (460,1871)  (459,1779)  (392,1759)  (461,1917)  (438,1733)  (484,1733)
s216  (4318,2670)  (4272,2715)  (4272,2669)  (4363,2716)  (4318,2624)  (4364,2624)  (4364,2670)  (4270,2623)  (4226,2719)  (4226,2673)  (4409,2716)  (4316,2578)  (4362,2578)  (4408,2578)  (4410,2624)  (4410,2670)  (4224,2627)  (4224,2581)  (4270,2577)  (4182,2535)  (4455,2716)  (4456,2590)  (4456,2636)  (4178,2594)  (4501,2682)
s219  (4061,2914)  (4015,2958)  (4015,2912)  (4106,2960)  (4061,2868)  (4107,2868)  (4107,2914)  (4012,2866)  (3969,2940)  (4153,2870)  (4153,2916)  (3966,2894)  (3983,2820)  (4029,2820)  (4199,2888)
s218  (3770,2898)  (3815,2944)  (3769,2944)  (3767,2852)  (3813,2852)  (3816,2898)  (3859,2817)  (3829,2990)  (3783,2990)  (3862,2863)  (3862,2909)  (3801,3036)  (3908,2846)
s105  (171,3228)  (125,3273)  (125,3227)  (216,3274)  (171,3182)  (217,3182)  (217,3228)  (123,3181)  (79,3265)  (262,3274)  (263,3152)  (263,3198)  (77,3219)  (77,3173)  (308,3244)  (308,3290)  (309,3152)  (309,3198)  (31,3257)  (31,3211)  (31,3165)  (354,3244)  (354,3290)  (355,3152)  (355,3198)
s104  (1817,3130)  (1771,3175)  (1771,3129)  (1863,3115)  (1909,3111)
s103  (1560,3311)  (1514,3356)  (1514,3310)  (1560,3265)  (1606,3265)  (1468,3380)  (1468,3334)  (1602,3219)  (1648,3219)  (1422,3346)  (1671,3173)
s102  (1377,3170)  (1331,3215)  (1331,3169)  (1422,3216)  (1377,3124)  (1423,3147)  (1329,3123)  (1376,3261)  (1330,3261)  (1285,3215)  (1285,3169)  (1468,3193)  (1422,3262)  (1239,3225)  (1514,3199)
s109  (1891,3261)  (1845,3306)  (1845,3260)  (1936,3307)  (1891,3215)  (1937,3215)  (1937,3261)  (1799,3348)  (1799,3302)  (1799,3256)  (1977,3169)  (1983,3215)  (1983,3261)  (2029,3211)  (2029,3257)  (2075,3233)  (2075,3279)
Henna  (2845,3247)  (2891,3237)
s108  (1691,3385)  (1645,3430)  (1645,3384)  (1730,3431)  (1691,3339)  (1684,3476)  (1638,3476)  (1599,3430)  (1731,3477)  (1716,3293)  (1685,3522)  (1731,3523)
s107  (1171,3309)  (1125,3354)  (1125,3308)  (1216,3355)  (1171,3263)  (1217,3282)  (1123,3262)  (1170,3400)  (1124,3400)  (1079,3354)  (1079,3308)  (1262,3328)  (1262,3374)  (1216,3401)  (1170,3446)  (1308,3319)
s106  (945,3251)  (899,3256)  (899,3210)  (990,3297)  (991,3218)  (1037,3221)
s211  (4292,2422)  (4246,2467)  (4246,2421)  (4337,2468)  (4292,2376)  (4338,2376)  (4338,2422)  (4244,2375)  (4200,2477)  (4200,2431)  (4383,2468)  (4384,2348)  (4384,2394)  (4198,2385)  (4412,2514)  (4154,2468)  (4429,2440)  (4430,2341)  (4430,2387)  (4152,2422)  (4458,2486)  (4475,2433)  (4476,2332)  (4476,2378)  (4522,2321)
s009  (924,328)  (878,367)  (878,321)  (969,374)  (924,282)  (970,282)  (970,328)  (870,275)  (1015,374)  (922,236)  (968,236)  (1016,255)  (1016,301)  (1061,347)  (1061,393)  (1062,274)  (1107,348)  (1107,394)  (1153,366)
s210  (4825,2045)  (4779,2090)  (4779,2044)  (4870,2091)  (4825,1999)  (4871,1999)  (4871,2045)  (4777,1998)  (4824,2136)  (4778,2136)  (4733,2083)  (4916,2091)  (4916,2137)  (4870,2137)  (4917,1956)  (4917,2002)  (4731,2037)  (4824,2182)  (4954,2183)  (4908,2183)
s008  (412,388)  (366,433)  (366,387)  (457,434)  (458,347)  (503,393)  (504,347)  (550,347)
s007  (164,397)  (118,442)  (118,396)  (209,443)  (164,351)  (210,351)  (210,397)  (116,350)  (163,488)  (117,488)  (72,442)  (72,396)  (255,443)  (71,489)  (256,348)  (256,394)  (70,350)  (208,534)  (162,534)  (26,443)  (26,397)  (116,535)  (70,535)  (25,489)  (24,536)  (24,351)
Brac  (3658,113)  (3704,115)
s006  (1097,134)  (1051,179)  (1051,133)  (1142,180)  (1097,88)  (1143,88)  (1143,134)  (1049,87)  (1005,186)  (1005,140)  (1188,180)  (1188,226)  (1142,226)  (1095,42)  (1141,42)  (1187,42)  (1189,88)  (1189,134)  (1004,41)  (1233,0)  (1234,180)  (1234,226)  (1235,46)  (1235,92)
s005  (838,102)  (792,137)  (792,91)  (883,148)  (838,56)  (884,56)  (884,102)  (780,45)  (746,113)  (855,194)  (826,10)  (872,10)  (918,10)  (930,56)  (930,102)  (734,67)  (734,21)  (688,55)  (688,9)  (642,9)
Slanos  (4307,376)  (4261,352)  (4352,422)  (4306,422)  (4307,330)  (4353,330)  (4353,376)  (4236,306)  (4398,422)  (4282,284)  (4399,369)
Kerkouane  (1301,3581)  (1255,3625)  (1255,3579)  (1308,3627)  (1338,3535)  (1384,3539)  (1209,3611)  (1338,3489)
s004  (597,212)  (551,257)  (551,211)  (642,258)  (597,166)  (643,166)  (643,212)  (549,165)  (505,300)  (505,254)  (688,258)  (675,304)  (595,120)  (641,120)  (689,149)  (689,195)  (503,208)  (503,162)  (549,119)  (500,116)  (734,241)  (734,287)  (595,74)  (735,195)  (546,73)  (475,70)  (521,27)  (567,27)  (475,24)
s003  (373,155)  (327,200)  (327,154)  (418,201)  (373,109)  (419,109)  (419,155)  (325,108)  (372,246)  (326,246)  (428,247)  (371,63)  (417,63)  (310,62)  (382,292)  (336,292)  (428,293)  (356,17)  (402,17)  (310,16)
s012  (965,531)  (919,576)  (919,530)  (1010,577)  (965,485)  (1011,485)  (1011,531)  (917,484)  (1056,577)  (1057,456)  (1057,502)  (884,438)  (930,438)  (1102,548)  (1103,464)  (1148,510)
s207  (4054,2437)  (4099,2483)  (4053,2483)  (4040,2391)  (4086,2391)  (4007,2488)  (4108,2529)  (4062,2529)  (4040,2345)  (4016,2534)  (4040,2299)  (4040,2253)
s013  (1197,443)  (1223,397)  (1243,443)  (1269,397)  (1269,489)  (1276,351)  (1289,443)  (1315,397)  (1315,489)  (1322,318)  (1271,305)  (1335,443)  (1343,535)  (1361,364)  (1361,489)  (1381,410)  (1407,456)  (1407,502)  (1427,391)  (1453,437)
s208  (4252,2259)  (4206,2304)  (4206,2258)  (4297,2305)  (4252,2213)  (4298,2213)  (4298,2259)  (4204,2212)  (4160,2329)  (4160,2283)  (4281,2167)  (4327,2167)  (4344,2213)  (4344,2259)  (4158,2237)  (4373,2165)  (4390,2211)  (4390,2257)
s010  (97,733)  (51,778)  (51,732)  (142,779)  (97,687)  (143,687)  (143,733)  (49,686)  (96,824)  (50,824)  (5,778)  (5,732)  (4,825)  (95,641)  (141,641)  (187,641)  (189,687)  (3,686)  (3,640)  (49,640)  (94,870)  (48,871)  (2,871)  (62,917)  (16,917)
s205  (4617,1917)  (4571,1962)  (4571,1916)  (4662,1963)  (4663,1907)  (4569,1870)  (4615,1870)  (4616,2008)  (4570,2008)  (4613,2054)
s011  (325,589)  (279,634)  (279,588)  (370,635)  (325,543)  (371,543)  (371,589)  (277,542)  (324,680)  (278,680)  (416,635)  (417,521)  (417,567)  (463,521)
s206  (4648,1721)  (4602,1766)  (4602,1720)  (4693,1767)  (4648,1675)  (4694,1692)  (4600,1674)  (4647,1812)  (4556,1732)  (4739,1738)  (4554,1686)  (4508,1695)
s203  (4144,2111)  (4098,2156)  (4098,2110)  (4144,2065)  (4190,2065)  (4190,2111)  (4096,2064)  (4052,2180)  (4052,2134)  (4142,2019)  (4236,2026)  (4236,2072)  (4236,2118)  (4050,2088)  (4050,2042)  (4096,2018)  (4006,2191)  (4006,2145)  (4004,2099)  (3960,2155)
Dianum  (3289,1563)  (3243,1608)  (3243,1562)  (3304,1609)  (3289,1517)  (3335,1555)  (3241,1516)
s204  (4400,2046)  (4354,2091)  (4354,2045)  (4445,2092)  (4400,2000)  (4446,2007)  (4352,1999)  (4308,2118)  (4308,2072)  (4491,2053)  (4491,2099)  (4306,2026)  (4306,1980)  (4352,1953)  (4291,1934)  (4537,2102)  (4292,1888)
s201  (3840,1955)  (3794,1922)  (3885,2001)  (3839,2001)  (3840,1909)  (3886,1909)  (3886,1955)  (3793,2006)  (3931,2001)  (3931,2047)  (3885,2047)  (3839,2047)  (3800,1863)  (3846,1863)  (3892,1863)  (3932,1909)  (3932,1955)  (3793,2052)  (3977,2001)  (3912,2093)  (3866,2093)  (3978,1916)  (3820,2098)
s202  (4106,1862)  (4060,1907)  (4060,1861)  (4151,1908)  (4106,1816)  (4152,1816)  (4152,1862)  (4058,1815)  (4105,1953)  (4059,1953)  (4197,1908)  (4197,1954)  (4151,1954)  (4104,1770)  (4150,1770)  (4196,1770)  (4198,1816)  (4198,1862)  (4243,1908)  (4243,1954)  (4244,1806)  (4244,1852)
s111  (3249,3277)  (3203,3322)  (3203,3276)  (3249,3231)  (3201,3230)  (3157,3332)  (3207,3184)
s112  (3437,3205)  (3391,3250)  (3391,3204)  (3482,3251)  (3437,3159)  (3483,3159)  (3483,3205)  (3436,3296)  (3390,3296)  (3345,3250)  (3511,3297)  (3444,3113)  (3490,3113)
s209  (4617,2214)  (4571,2252)  (4571,2206)  (4617,2168)  (4663,2168)  (4663,2214)  (4565,2160)  (4525,2263)  (4525,2217)  (4642,2122)  (4709,2171)  (4709,2217)  (4519,2171)  (4479,2274)  (4479,2228)  (4473,2182)
s110  (2265,3336)  (2219,3310)  (2311,3360)
Cariates  (3813,2207)  (3859,2194)
s200  (3965,1758)  (3919,1797)  (3919,1751)  (3981,1804)  (3965,1712)  (4011,1712)  (3911,1705)  (3873,1780)  (3957,1666)  (3865,1734)  (3865,1688)  (3911,1659)  (3957,1620)
Ragousa  (4533,447)  (4487,492)  (4487,446)  (4533,401)  (4579,401)  (4579,447)  (4485,400)  (4587,493)  (4476,538)  (4441,492)  (4624,539)  (4625,414)  (4633,460)  (4578,575)  (4670,558)  (4624,585)  (4679,427)  (4689,604)
Sipontum  (3442,1077)  (3396,1078)  (3396,1032)  (3487,1123)  (3442,1031)  (3441,1124)  (3533,1142)  (3413,985)
s001  (87,140)  (41,185)  (41,139)  (124,186)  (87,94)  (39,93)  (78,231)  (32,231)  (124,232)  (85,48)  (0,47)  (78,277)  (32,277)  (124,278)  (46,2)  (92,2)  (0,1)
s002  (216,153)  (261,199)  (215,199)  (171,107)  (217,107)  (262,153)  (263,106)  (263,245)  (217,245)  (171,245)  (171,61)  (217,61)  (263,60)  (263,291)  (217,291)  (171,291)  (171,15)  (217,15)  (263,14)
Apameste Coast  (3153,873)  (3107,880)  (3199,853)  (3199,899)  (3103,834)  (3245,853)  (3245,899)  (3057,863)  (3277,945)  (3291,853)  (3291,899)
s100  (773,3029)  (727,3074)  (727,3028)  (818,3075)  (773,2983)  (819,2983)  (819,3029)  (725,2982)  (772,3120)  (726,3120)  (864,3075)  (864,3121)  (818,3121)  (771,2937)  (817,2937)  (865,2953)  (865,2999)  (679,3014)  (679,2968)  (725,2936)  (665,2922)  (750,3166)  (771,2891)  (817,2891)  (711,2890)  (649,2876)
s101  (1062,3130)  (1016,3169)  (1016,3123)  (1107,3176)  (1062,3084)  (1108,3084)  (1108,3130)  (1008,3077)  (970,3165)  (1153,3176)  (1054,3038)  (1154,3054)  (1154,3100)  (962,3119)  (962,3073)  (1008,3031)  (958,3027)  (1199,3146)  (1200,3062)  (1246,3070)
Latium  (2296,1138)  (2250,1124)  (2341,1184)  (2296,1092)  (2342,1128)  (2236,1078)  (2387,1174)  (2282,1046)
Luceria  (2985,1012)  (2939,1057)  (2939,1011)  (3006,1058)  (2985,966)  (2937,965)  (2983,920)
s129  (3987,3548)  (3941,3593)  (3941,3547)  (4032,3594)  (3987,3502)  (4033,3507)  (3939,3501)  (3986,3639)  (3940,3639)  (3895,3593)  (3895,3547)  (4075,3640)  (3985,3456)  (3893,3501)  (3893,3455)  (3939,3455)  (3985,3410)  (3850,3409)  (3896,3409)  (3942,3364)  (3840,3363)  (3886,3363)  (3932,3318)
s128  (3674,3502)  (3628,3547)  (3628,3501)  (3719,3548)  (3674,3456)  (3720,3456)  (3720,3502)  (3626,3455)  (3673,3593)  (3582,3542)  (3765,3548)  (3765,3594)  (3719,3594)  (3672,3410)  (3718,3410)  (3764,3410)  (3766,3456)  (3766,3502)  (3580,3496)  (3580,3450)  (3626,3409)  (3811,3548)  (3811,3594)  (3811,3640)  (3765,3640)  (3812,3490)  (3837,3686)
s127  (3431,3541)  (3385,3563)  (3385,3517)  (3475,3587)  (3431,3495)  (3477,3495)  (3477,3541)  (3429,3609)  (3457,3655)
s126  (3250,3594)  (3204,3639)  (3295,3640)  (3208,3548)  (3254,3548)  (3296,3594)  (3300,3545)  (3158,3650)  (3341,3640)  (3208,3502)  (3254,3502)
Silvium  (3655,1424)  (3668,1378)
s125  (3357,3422)  (3311,3440)  (3311,3394)  (3357,3376)  (3403,3376)  (3403,3422)  (3265,3431)  (3265,3385)  (3449,3354)  (3449,3400)  (3219,3431)  (3495,3358)  (3495,3404)
s124  (2708,3558)  (2662,3560)  (2662,3514)  (2753,3604)  (2708,3512)  (2826,3661)  (2872,3664)  (2918,3677)
Segesta Hills  (2205,3097)  (2159,3121)  (2251,3068)  (2251,3114)
Dhiarrhytus  (680,3425)  (634,3445)  (634,3399)  (680,3379)  (726,3379)  (726,3425)  (588,3431)  (772,3421)
s133  (1691,3746)  (1645,3750)  (1645,3704)  (1736,3792)  (1691,3700)  (1737,3720)  (1690,3796)  (1602,3658)  (1648,3654)  (1783,3736)  (1631,3608)
s134  (1975,3645)  (1929,3690)  (1929,3644)  (1999,3691)  (1975,3599)  (2021,3599)  (2021,3645)  (1953,3736)  (1907,3736)  (1883,3690)  (1883,3644)  (2067,3556)  (2067,3602)  (1861,3751)
s131  (1351,3977)  (1395,4023)  (1349,4023)  (1326,3931)  (1372,3931)  (1303,4033)  (1401,4069)  (1355,4069)  (1336,3885)  (1309,4079)  (1407,4115)  (1361,4115)  (1347,3839)  (1315,4125)  (1413,4161)  (1367,4161)  (1321,4171)  (1419,4207)  (1373,4207)
s132  (1532,3833)  (1486,3878)  (1486,3832)  (1577,3879)  (1532,3787)  (1578,3787)  (1578,3833)  (1484,3786)  (1505,3924)  (1459,3924)  (1440,3878)  (1440,3832)  (1530,3741)  (1624,3822)  (1624,3868)  (1438,3786)  (1481,3740)
Nora  (409,2276)  (363,2296)  (363,2250)  (454,2322)  (455,2248)  (336,2204)  (500,2294)  (500,2340)
Histonium  (2743,690)  (2697,735)  (2697,689)  (2788,736)  (2743,644)  (2789,644)  (2697,643)  (2753,598)
Fovea  (3255,1079)  (3209,1117)  (3209,1071)  (3300,1125)  (3255,1033)  (3301,1033)  (3301,1079)  (3208,1025)  (3346,1125)
s130  (1188,3984)  (1142,3995)  (1142,3949)  (1233,4030)  (1188,3938)  (1234,3938)  (1234,3984)  (1187,4041)  (1237,4076)  (1146,3892)  (1192,3892)  (1238,3892)  (1191,4087)  (1284,3865)  (1165,3846)  (1211,3846)  (1283,3819)
s118  (1317,3431)  (1271,3476)  (1358,3385)  (1399,3431)  (1245,3522)  (1199,3525)  (1445,3443)  (1158,3571)  (1112,3612)
s117  (1068,3464)  (1022,3441)  (1113,3510)  (1008,3395)  (892,3339)
s119  (1472,3576)  (1426,3621)  (1516,3622)  (1462,3530)  (1508,3530)  (1518,3576)  (1554,3494)  (1465,3667)  (1419,3667)  (1503,3484)  (1564,3540)  (1373,3674)  (1405,3720)  (1359,3720)  (1313,3734)
s114  (3706,3243)  (3660,3288)  (3660,3242)  (3751,3289)  (3706,3197)  (3752,3197)  (3752,3243)  (3658,3196)  (3705,3334)  (3659,3334)  (3614,3288)  (3614,3242)  (3797,3289)  (3613,3335)  (3798,3159)  (3798,3205)  (3612,3196)  (3568,3289)  (3568,3243)  (3843,3251)  (3567,3358)  (3844,3168)  (3889,3214)
s113  (3676,3075)  (3630,3120)  (3630,3074)  (3676,3029)  (3722,3034)  (3722,3080)  (3628,3028)  (3584,3129)  (3584,3083)  (3674,2983)  (3675,2937)
s116  (674,3295)  (628,3331)  (720,3250)  (720,3296)  (582,3339)  (766,3228)  (766,3274)  (812,3251)  (812,3297)  (481,3368)
Cetraro  (3561,2213)  (3607,2244)
s115  (236,3387)  (190,3413)  (190,3367)  (281,3433)  (282,3355)  (144,3410)  (144,3364)  (327,3401)  (98,3412)  (98,3366)  (373,3371)  (373,3417)  (81,3320)  (52,3425)  (52,3379)  (419,3388)  (35,3333)  (6,3425)  (6,3379)
Siddi  (630,2013)  (584,2054)  (584,2008)  (634,2059)  (676,1969)  (680,2015)  (578,1962)  (726,1996)  (726,2042)  (532,1994)  (532,1948)  (772,2010)  (772,2056)
Venta  (4488,73)  (4442,99)  (4442,53)  (4525,119)  (4488,27)  (4534,27)  (4534,73)  (4421,7)  (4396,100)  (4396,54)  (4580,0)
s120  (1805,3502)  (1850,3548)  (1804,3548)  (1778,3456)  (1824,3456)  (1851,3502)  (1870,3437)  (1896,3548)  (1778,3410)  (1824,3410)  (1897,3483)  (1870,3391)  (1916,3435)  (1942,3529)  (1943,3481)  (1989,3511)
Sinis  (3485,1642)  (3439,1614)  (3517,1688)  (3471,1688)  (3485,1596)  (3531,1616)
s121  (2036,3408)  (1990,3417)  (1990,3371)  (2081,3454)  (2036,3362)  (2082,3362)  (2082,3408)  (2035,3463)  (2128,3330)  (2128,3376)  (2128,3422)  (2174,3358)
s122  (2242,3480)  (2196,3525)  (2196,3479)  (2287,3526)  (2242,3434)  (2288,3434)  (2288,3480)  (2241,3571)  (2195,3571)  (2150,3525)  (2149,3572)  (2334,3431)
s123  (2427,3512)  (2381,3557)  (2381,3511)  (2472,3558)  (2427,3466)  (2473,3470)  (2518,3516)  (2518,3562)  (2564,3477)  (2564,3523)  (2610,3479)  (2610,3525)
Biguglia  (763,472)  (717,517)  (717,471)  (808,518)  (763,426)  (809,426)  (809,472)  (715,425)  (761,380)  (709,379)  (805,255)
Aegusa  (1906,2955)
Thurium  (3724,2159)
Macopsissa  (487,1551)  (441,1596)  (490,1597)  (451,1505)  (497,1505)  (533,1551)  (543,1495)  (444,1642)  (398,1642)  (395,1596)  (463,1459)  (509,1449)
Aquilonia  (3346,1314)  (3300,1359)  (3300,1313)  (3391,1360)  (3346,1268)  (3298,1267)  (3345,1405)  (3299,1405)  (3252,1288)  (3296,1221)
Neapo  (1207,3730)  (1232,3776)  (1219,3684)  (1186,3781)
Sulmo  (2549,774)  (2503,819)  (2503,773)  (2594,820)  (2549,728)  (2595,728)  (2595,774)  (2501,727)  (2548,865)  (2640,820)
Messene  (3318,2882)  (3364,2850)
Velia  (3140,1774)  (3094,1808)  (3094,1762)  (3185,1820)  (3153,1728)  (3186,1774)  (3199,1727)  (3232,1773)  (3245,1715)
Katane  (3090,3157)  (3136,3146)
Selinus Hills  (2422,3198)  (2376,3213)  (2467,3244)  (2468,3179)
Clusium  (1909,349)  (1863,394)  (1863,348)  (1954,395)  (1909,303)  (1955,303)  (1955,349)  (1861,302)  (1908,440)  (1817,410)  (1817,364)  (2000,395)  (2000,441)  (1954,441)  (1907,257)  (1953,257)  (1999,257)  (2001,303)  (2001,349)  (1815,318)  (1815,272)  (1861,256)  (1793,226)  (1771,384)  (1907,211)  (1953,211)  (1999,211)  (1769,338)  (1839,210)
Leontinoni  (3112,3236)  (3094,3282)
Acragas  (2368,3304)  (2322,3282)  (2414,3315)
Histonium Hills  (2785,866)  (2739,871)  (2739,825)  (2831,854)  (2831,900)  (2877,895)
Apameste  (3411,887)  (3365,853)  (3416,933)  (3457,868)  (3462,914)  (3503,868)  (3508,914)
Calacte Hills  (2767,3140)  (2721,3148)  (2721,3102)  (2813,3118)  (2813,3164)
Acragas Hills  (2572,3267)  (2526,3312)  (2526,3266)  (2617,3313)  (2618,3239)
Vaga  (810,3564)  (764,3609)  (764,3563)  (855,3610)  (810,3518)  (856,3518)  (856,3564)  (762,3517)  (902,3551)
Alalia  (727,732)  (681,750)  (681,704)  (727,686)  (773,686)
Corta  (736,621)  (690,626)  (782,587)  (644,624)  (828,588)
Pelaghia  (1993,4354)
Medjer  (842,3731)  (796,3776)  (796,3730)  (887,3777)  (842,3685)
Desert  (326,3919)  (280,3964)  (280,3918)  (371,3965)  (326,3873)  (372,3873)  (372,3919)  (278,3872)  (325,4010)  (279,4010)  (234,3964)  (234,3918)  (417,3965)  (417,4011)  (371,4011)  (233,4011)  (324,3827)  (370,3827)  (416,3827)  (418,3873)  (418,3919)  (232,3872)  (232,3826)  (278,3826)  (462,3783)  (325,4056)  (279,4056)  (188,3965)  (188,3919)  (463,3965)  (463,4011)  (463,4057)  (417,4057)  (371,4057)  (233,4057)  (187,4057)  (187,4011)  (324,3781)  (370,3781)  (416,3781)  (464,3829)  (464,3875)  (186,3873)  (186,3827)  (186,3781)  (232,3780)  (278,3780)  (462,3737)  (508,3737)  (508,3783)  (325,4102)  (279,4102)  (142,3965)  (142,3919)  (509,3921)  (509,3967)  (509,4013)  (509,4059)  (463,4103)  (417,4103)  (371,4103)  (233,4103)  (187,4103)  (141,4103)  (141,4057)  (141,4011)  (141,3735)  (324,3735)  (370,3735)  (416,3735)  (510,3829)  (510,3875)  (140,3873)  (140,3827)  (140,3781)  (187,3734)  (233,3734)  (511,4105)  (554,3743)  (325,4148)  (279,4148)  (96,3965)  (96,3919)  (555,3921)  (555,3967)  (555,4013)  (555,4059)  (465,4149)  (419,4149)  (373,4149)  (233,4149)  (187,4149)  (141,4149)  (95,4149)  (95,4103)  (95,4057)  (95,4011)  (95,3735)  (556,3789)  (556,3835)  (94,3873)  (94,3827)  (94,3781)  (557,4105)  (557,4151)  (511,4151)  (327,4194)  (281,4194)  (50,3965)  (50,3919)  (601,3881)  (601,3927)  (601,3973)  (601,4019)  (465,4195)  (419,4195)  (373,4195)  (235,4195)  (189,4195)  (143,4195)  (97,4195)  (51,4195)  (49,4149)  (49,4103)  (49,4057)  (49,4011)  (49,3735)  (602,3753)  (602,3799)  (48,3873)  (48,3827)  (48,3781)  (603,4065)  (603,4111)  (603,4157)  (557,4197)  (511,4197)  (609,4203)  (10,3689)  (5,4239)  (327,4240)  (281,4240)  (4,3965)  (4,3919)  (647,3845)  (647,3891)  (647,3937)  (647,3983)  (465,4241)  (419,4241)  (373,4241)  (235,4241)  (189,4241)  (143,4241)  (97,4241)  (51,4241)  (3,4193)  (3,4147)  (3,4101)  (3,4055)  (3,3735)  (648,3753)  (648,3799)  (2,3873)  (2,3827)  (2,3781)  (649,4029)  (649,4075)  (649,4121)  (563,4243)  (517,4243)  (655,4167)  (655,4213)  (609,4249)  (665,4259)  (5,4285)  (327,4286)  (281,4286)  (693,3845)  (693,3891)  (693,3937)  (693,3983)  (471,4287)  (425,4287)  (379,4287)  (235,4287)  (189,4287)  (143,4287)  (97,4287)  (51,4287)  (694,3759)  (695,4029)  (695,4075)  (695,4121)  (563,4289)  (517,4289)  (701,4167)  (701,4213)  (619,4295)  (711,4259)  (711,4305)  (665,4305)  (5,4331)  (333,4332)  (287,4332)  (739,3827)  (739,3873)  (739,3919)  (739,3965)  (471,4333)  (425,4333)  (379,4333)  (241,4333)  (195,4333)  (149,4333)  (103,4333)  (57,4333)  (741,4011)  (741,4057)  (741,4103)  (573,4335)  (527,4335)  (747,4149)  (747,4195)  (619,4341)  (757,4241)  (757,4287)  (757,4333)  (711,4351)  (665,4351)  (785,3851)  (785,3897)  (785,3943)  (787,3989)  (787,4035)  (787,4081)  (793,4127)  (793,4173)  (803,4219)  (803,4265)  (803,4311)  (833,4070)  (839,4116)  (839,4162)
Zaghuwan  (1045,3883)  (999,3902)  (999,3856)  (1074,3929)  (1045,3837)  (1091,3837)  (1091,3883)
Thugga  (642,3675)  (596,3692)  (596,3646)  (688,3647)  (688,3693)  (734,3683)
Sicca Veneria  (423,3635)  (377,3659)  (377,3613)  (469,3607)  (331,3650)  (331,3604)  (515,3616)
Tuburbum  (1064,4097)  (1018,4126)  (1018,4080)  (1109,4143)  (1064,4051)  (1110,4075)  (1063,4172)  (1144,4189)
Tutere  (2106,556)  (2060,601)  (2060,555)  (2151,602)  (2106,510)  (2152,510)  (2152,556)  (2058,509)  (2105,647)  (2014,573)  (2197,602)  (2159,648)  (2198,483)  (2198,529)  (2012,527)  (2243,575)  (2243,621)  (2244,476)  (2244,522)
Ajacia  (597,821)  (551,848)  (643,804)
Salernum  (2957,1499)  (2911,1509)  (3003,1458)  (3003,1504)  (2865,1503)  (3049,1440)  (3049,1486)  (3095,1442)  (3095,1488)  (3141,1453)
Lupiae  (4364,1732)  (4318,1777)  (4378,1778)  (4354,1686)  (4410,1711)  (4424,1757)
Syrakusa Hills  (2990,3255)  (3033,3301)  (2987,3301)  (2991,3209)  (3037,3214)
Cosanus  (1481,527)
Bisignanus  (3708,2256)
Narona  (4133,195)  (4087,202)  (4178,241)  (4092,149)  (4138,149)  (4179,195)  (4225,163)  (4225,209)
Themae Hills  (2590,3149)  (2544,3162)  (2544,3116)  (2636,3140)  (2636,3186)
Muccuros  (3939,51)  (3893,80)  (3893,34)  (3984,97)  (3939,5)  (3985,5)  (3985,51)  (3938,126)  (4030,97)  (4030,143)  (3984,143)  (4031,0)  (4031,46)
Luceria Hills  (3107,1029)  (3061,1074)  (3133,1075)  (3077,983)  (3123,983)  (3153,1029)  (3169,967)  (3089,937)
Argenta  (4883,58)  (4837,103)  (4837,57)  (4928,104)  (4883,12)  (4929,12)  (4929,58)  (4835,11)
Paestum  (3106,1636)  (3060,1647)  (3060,1601)  (3106,1590)  (3152,1590)  (3152,1636)  (3090,1693)  (3156,1544)
Pachi  (3052,3649)  (3006,3648)
Kephaloidion  (2718,3022)  (2672,3018)
Neapolis  (2775,1368)  (2729,1404)  (2729,1358)  (2820,1414)  (2775,1322)  (2821,1322)  (2821,1368)  (2718,1312)  (2866,1414)  (2764,1276)  (2810,1276)  (2867,1325)  (2672,1329)  (2912,1413)
Pollino  (3545,1780)  (3499,1810)  (3499,1764)  (3565,1826)  (3565,1734)  (3591,1780)  (3453,1787)
Potentia  (3420,1509)  (3392,1463)  (3438,1463)  (3466,1509)  (3433,1417)
Doclea  (4812,507)  (4766,552)  (4766,506)  (4857,553)  (4812,461)  (4858,461)  (4858,507)  (4764,460)  (4720,517)  (4903,553)  (4903,599)  (4816,415)  (4862,415)  (4904,461)  (4904,507)  (4908,411)  (4949,553)  (4949,599)  (4950,457)  (4950,503)  (4954,398)
Castrum Novum  (2542,392)  (2587,438)  (2541,438)  (2497,346)  (2543,346)  (2588,392)  (2589,345)  (2633,438)  (2520,300)  (2566,299)
Matera  (3718,1532)  (3672,1555)
Medma  (3543,2858)  (3521,2812)
Metapontum  (3705,1683)  (3659,1728)  (3659,1682)  (3705,1637)  (3751,1637)  (3751,1683)  (3657,1636)  (3797,1659)  (3797,1705)  (3611,1656)
Naro River  (4710,254)  (4664,299)  (4664,253)  (4755,300)  (4710,208)  (4756,208)  (4756,254)  (4662,207)  (4709,345)  (4663,345)  (4618,299)  (4618,253)  (4790,346)  (4802,170)  (4616,207)  (4600,161)
Lilybaeum  (2052,3120)  (2006,3100)  (2092,3166)
Bardulos  (3636,1241)  (3590,1286)  (3590,1240)  (3670,1287)  (3636,1195)  (3682,1195)  (3682,1241)  (3588,1194)  (3634,1149)  (3587,1148)
Tarentum  (4099,1559)  (4122,1605)  (4076,1605)  (4086,1513)  (4132,1513)  (4098,1651)
Syrakusa  (3068,3419)  (3022,3464)  (3022,3418)  (3113,3465)  (3068,3373)  (3114,3381)  (3020,3372)  (3159,3427)  (3159,3473)
Rhegium  (3476,2975)  (3511,3021)  (3465,3021)  (3481,2929)
Elba  (1173,313)
Centumcellae  (1859,678)  (1813,723)  (1813,677)  (1904,724)  (1859,632)  (1905,632)  (1905,678)  (1811,631)  (1950,724)  (1904,770)  (1857,586)  (1903,586)  (1951,605)  (1951,651)  (1765,665)  (1765,619)  (1996,697)
Adranon  (2993,3045)  (3039,3033)  (3039,3079)
Hippo Regius  (135,3523)  (89,3544)  (89,3498)  (135,3477)  (181,3477)  (181,3523)  (43,3544)  (43,3498)  (227,3486)  (227,3532)
Sulci  (393,2098)  (347,2136)  (347,2090)  (438,2144)  (393,2052)  (439,2052)  (439,2098)  (484,2144)  (365,2006)  (411,2006)  (485,2041)  (485,2087)  (490,2190)  (530,2133)
Perusia  (2174,263)  (2128,308)  (2128,262)  (2219,309)  (2174,217)  (2220,217)  (2220,263)  (2126,216)  (2173,354)  (2127,354)  (2082,308)  (2082,262)  (2246,355)  (2081,355)  (2172,171)  (2218,171)  (2264,171)  (2266,217)  (2266,263)  (2080,216)  (2080,170)  (2126,170)  (2310,127)  (2200,400)  (2154,400)  (2246,401)  (2108,401)  (2172,125)  (2218,125)  (2264,125)  (2312,173)  (2312,219)  (2356,103)  (2358,149)  (2358,195)
Brundisium  (4220,1610)  (4174,1655)  (4265,1656)  (4211,1564)  (4257,1564)  (4266,1610)  (4160,1701)  (4312,1569)  (4312,1615)
Reate  (2325,716)  (2279,761)  (2279,715)  (2370,762)  (2361,670)  (2371,716)  (2233,714)  (2416,762)  (2345,808)  (2417,685)
Scodra  (4849,744)  (4803,748)  (4803,702)  (4849,698)  (4895,698)  (4895,744)  (4760,656)  (4806,652)  (4852,652)  (4941,665)  (4941,711)  (4941,757)
Solta  (3515,121)
Sallunta  (4434,222)  (4388,248)  (4388,202)  (4479,268)  (4434,176)  (4480,179)  (4367,156)  (4433,294)  (4342,216)  (4525,225)  (4525,271)  (4526,179)  (4321,170)
Heraclea  (3689,1832)  (3643,1877)  (3722,1878)  (3727,1786)  (3735,1832)  (3773,1773)  (3597,1896)
Frusino  (2417,968)  (2371,1013)  (2371,967)  (2462,1014)  (2417,922)  (2463,922)  (2463,968)  (2369,921)  (2416,1059)  (2370,1059)  (2325,991)  (2508,1014)  (2508,1060)  (2462,1060)  (2415,876)  (2509,955)  (2336,875)  (2443,1106)
Genusia  (3841,1570)  (3795,1583)
Durrharchion  (4929,1101)  (4954,1147)  (4941,1055)  (4954,1193)  (4954,1239)
Mesoraca  (3839,2296)
Vulci  (1698,492)  (1652,499)  (1728,538)  (1706,446)  (1744,492)  (1607,453)  (1790,468)  (1790,514)  (1561,453)  (1836,488)  (1836,534)  (1882,500)  (1928,505)
Sybaris Ruines  (3661,2064)  (3615,2055)  (3707,2036)
Pauca  (598,922)
Soluntum  (2420,2976)  (2405,3022)  (2404,2930)
Abellinum  (3122,1345)  (3076,1379)  (3076,1333)  (3167,1391)  (3122,1299)  (3168,1299)  (3168,1345)  (3063,1287)  (3030,1380)  (3030,1334)  (3213,1391)  (3017,1288)  (3229,1437)  (2984,1393)  (2984,1347)  (2971,1301)
Vetulonia  (1577,366)  (1531,362)  (1577,320)  (1623,320)  (1623,366)  (1526,316)  (1627,274)  (1669,320)  (1669,366)  (1480,347)  (1480,301)  (1673,270)  (1715,316)  (1434,326)  (1719,264)
Drinu River  (4916,270)  (4870,315)  (4870,269)  (4954,316)  (4916,224)  (4868,223)  (4914,178)  (4858,177)
Norcia  (2410,578)  (2364,611)  (2364,565)  (2455,624)  (2410,532)  (2456,532)  (2456,578)  (2350,519)  (2318,620)  (2318,574)  (2501,624)  (2502,510)  (2502,556)
Alguer  (366,1394)  (320,1439)  (320,1393)  (410,1440)  (366,1348)  (412,1348)  (412,1394)  (318,1347)  (364,1485)  (364,1302)  (410,1302)  (456,1302)  (302,1301)  (367,1531)
Olbia  (792,1338)  (746,1383)  (746,1337)  (837,1384)  (792,1292)  (838,1292)  (838,1338)  (744,1291)  (791,1429)  (872,1430)  (790,1246)  (734,1245)  (780,1200)
Gol  (2768,4148)
Panormus Hills  (2367,3092)  (2321,3123)  (2413,3070)
Camurus  (3351,1864)  (3305,1909)  (3305,1863)  (3397,1839)  (3259,1876)  (3443,1849)
Capraria  (947,157)
Venusia  (3500,1266)  (3454,1311)  (3454,1265)  (3504,1312)  (3452,1219)
Maktar  (941,4290)  (895,4321)  (895,4275)  (986,4336)  (941,4244)  (987,4244)  (987,4290)  (879,4229)  (1032,4336)  (925,4198)  (971,4198)  (1033,4256)  (899,4152)  (945,4152)
Kamarina  (2861,3508)  (2815,3534)  (2907,3487)  (2953,3502)
Talanis  (649,1686)  (603,1729)  (603,1683)  (694,1732)  (649,1640)  (695,1646)  (599,1637)  (557,1715)  (740,1692)  (553,1669)  (609,1591)  (786,1668)
Hipponium  (3569,2705)  (3523,2710)  (3614,2751)  (3549,2659)  (3595,2659)  (3615,2705)  (3641,2656)
Kaulonia  (3725,2706)  (3770,2752)  (3709,2660)  (3771,2663)
Neton  (3077,3555)  (3031,3564)  (3123,3540)
Themae  (2557,3031)  (2511,3050)  (2603,3046)
Lacona  (602,1858)  (556,1895)  (556,1849)  (647,1904)  (602,1812)  (648,1812)  (648,1858)  (554,1803)
Tortolia  (780,1841)  (820,1887)  (774,1887)  (736,1795)  (782,1795)  (813,1933)  (767,1933)
Inessa  (2945,3137)  (2899,3181)  (2991,3137)
Soubasanoi  (684,989)  (708,1035)